-6.64386
-5.64386
-5.05889
-4.64386
-4.32193
-4.05889
-3.8365
-3.64386
-3.47393
-3.32193
-3.18442
-3.05889
-2.94342
-2.8365
-2.73697
-2.64386
-2.55639
-2.47393
-2.39593
-2.32193
-2.25154
-2.18442
-2.12029
-2.05889
-2
-1.94342
-1.88897
-1.8365
-1.78588
-1.73697
-1.68966
-1.64386
-1.59946
-1.55639
-1.51457
-1.47393
-1.4344
-1.39593
-1.35845
-1.32193
-1.2863
-1.25154
-1.21759
-1.18442
-1.152
-1.12029
-1.08927
-1.05889
-1.02915
-1
-0.971431
-0.943416
-0.915936
-0.888969
-0.862496
-0.836501
-0.810966
-0.785875
-0.761213
-0.736966
-0.713119
-0.68966
-0.666576
-0.643856
-0.621488
-0.599462
-0.577767
-0.556393
-0.535332
-0.514573
-0.494109
-0.473931
-0.454032
-0.434403
-0.415037
-0.395929
-0.37707
-0.358454
-0.340075
-0.321928
-0.304006
-0.286304
-0.268817
-0.251539
-0.234465
-0.217591
-0.200913
-0.184425
-0.168123
-0.152003
-0.136062
-0.120294
-0.104697
-0.0892673
-0.0740006
-0.0588937
-0.0439433
-0.0291463
-0.0144996
9.61028e-16
0.0143553
0.0285692
0.0426443
0.0565835
0.0703893
0.0840643
0.0976108
0.111031
0.124328
0.137504
0.15056
0.163499
0.176323
0.189034
0.201634
0.214125
0.226509
0.238787
0.250962
0.263034
0.275007
0.286881
0.298658
0.31034
0.321928
0.333424
0.344828
0.356144
0.367371
0.378512
0.389567
0.400538
0.411426
0.422233
0.432959
0.443607
0.454176
0.464668
0.475085
0.485427
0.495695
0.505891
0.516015
0.526069
0.536053
0.545968
0.555816
0.565597
0.575312
0.584963
0.594549
0.604071
0.613532
0.62293
0.632268
0.641546
0.650765
0.659925
0.669027
0.678072
0.687061
0.695994
0.704872
0.713696
0.722466
0.731183
0.739848
0.748461
0.757023
0.765535
0.773996
0.782409
0.790772
0.799087
0.807355
0.815575
0.823749
0.831877
0.83996
0.847997
0.85599
0.863938
0.871844
0.879706
0.887525
0.895303
0.903038
0.910733
0.918386
0.925999
0.933573
0.941106
0.948601
0.956057
0.963474
0.970854
0.978196
0.9855
0.992768
1
1.0072
1.01436
1.02148
1.02857
1.03562
1.04264
1.04963
1.05658
1.0635
1.07039
1.07724
1.08406
1.09085
1.09761
1.10434
1.11103
1.1177
1.12433
1.13093
1.1375
1.14405
1.15056
1.15704
1.1635
1.16993
1.17632
1.18269
1.18903
1.19535
1.20163
1.20789
1.21412
1.22033
1.22651
1.23266
1.23879
1.24489
1.25096
1.25701
1.26303
1.26903
1.27501
1.28096
1.28688
1.29278
1.29866
1.30451
1.31034
1.31615
1.32193
1.32769
1.33342
1.33914
1.34483
1.3505
1.35614
1.36177
1.36737
1.37295
1.37851
1.38405
1.38957
1.39506
1.40054
1.40599
1.41143
1.41684
1.42223
1.42761
1.43296
1.43829
1.44361
1.4489
1.45418
1.45943
1.46467
1.46989
1.47508
1.48027
1.48543
1.49057
1.4957
1.5008
1.50589
1.51096
1.51602
1.52105
1.52607
1.53107
1.53605
1.54102
1.54597
1.5509
1.55582
1.56071
1.5656
1.57046
1.57531
1.58015
1.58496
1.58976
1.59455
1.59932
1.60407
1.60881
1.61353
1.61824
1.62293
1.62761
1.63227
1.63691
1.64155
1.64616
1.65076
1.65535
1.65992
1.66448
1.66903
1.67356
1.67807
1.68257
1.68706
1.69153
1.69599
1.70044
1.70487
1.70929
1.7137
1.71809
1.72247
1.72683
1.73118
1.73552
1.73985
1.74416
1.74846
1.75275
1.75702
1.76129
1.76553
1.76977
1.774
1.77821
1.78241
1.7866
1.79077
1.79494
1.79909
1.80323
1.80735
1.81147
1.81558
1.81967
1.82375
1.82782
1.83188
1.83592
1.83996
1.84398
1.848
1.852
1.85599
1.85997
1.86394
1.8679
1.87184
1.87578
1.87971
1.88362
1.88753
1.89142
1.8953
1.89918
1.90304
1.90689
1.91073
1.91456
1.91839
1.9222
1.926
1.92979
1.93357
1.93734
1.94111
1.94486
1.9486
1.95233
1.95606
1.95977
1.96347
1.96717
1.97085
1.97453
1.9782
1.98185
1.9855
1.98914
1.99277
1.99639
2
2.0036
2.0072
2.01078
2.01436
2.01792
2.02148
2.02503
2.02857
2.0321
2.03562
2.03914
2.04264
2.04614
2.04963
2.05311
2.05658
2.06005
2.0635
2.06695
2.07039
2.07382
2.07724
2.08066
2.08406
2.08746
2.09085
2.09424
2.09761
2.10098
2.10434
2.10769
2.11103
2.11437
2.1177
2.12102
2.12433
2.12763
2.13093
2.13422
2.1375
2.14078
2.14405
2.14731
2.15056
2.15381
2.15704
2.16027
2.1635
2.16672
2.16993
2.17313
2.17632
2.17951
2.18269
2.18587
2.18903
2.19219
2.19535
2.19849
2.20163
2.20477
2.20789
2.21101
2.21412
2.21723
2.22033
2.22342
2.22651
2.22959
2.23266
2.23573
2.23879
2.24184
2.24489
2.24793
2.25096
2.25399
2.25701
2.26003
2.26303
2.26604
2.26903
2.27202
2.27501
2.27798
2.28096
2.28392
2.28688
2.28983
2.29278
2.29572
2.29866
2.30159
2.30451
2.30743
2.31034
2.31325
2.31615
2.31904
2.32193
2.32481
2.32769
2.33056
2.33342
2.33628
2.33914
2.34199
2.34483
2.34767
2.3505
2.35332
2.35614
2.35896
2.36177
2.36457
2.36737
2.37016
2.37295
2.37573
2.37851
2.38128
2.38405
2.38681
2.38957
2.39232
2.39506
2.3978
2.40054
2.40327
2.40599
2.40871
2.41143
2.41414
2.41684
2.41954
2.42223
2.42492
2.42761
2.43029
2.43296
2.43563
2.43829
2.44095
2.44361
2.44626
2.4489
2.45154
2.45418
2.45681
2.45943
2.46205
2.46467
2.46728
2.46989
2.47249
2.47508
2.47768
2.48027
2.48285
2.48543
2.488
2.49057
2.49313
2.4957
2.49825
2.5008
2.50335
2.50589
2.50843
2.51096
2.51349
2.51602
2.51854
2.52105
2.52356
2.52607
2.52857
2.53107
2.53356
2.53605
2.53854
2.54102
2.5435
2.54597
2.54844
2.5509
2.55336
2.55582
2.55827
2.56071
2.56316
2.5656
2.56803
2.57046
2.57289
2.57531
2.57773
2.58015
2.58256
2.58496
2.58736
2.58976
2.59216
2.59455
2.59694
2.59932
2.6017
2.60407
2.60644
2.60881
2.61117
2.61353
2.61589
2.61824
2.62059
2.62293
2.62527
2.62761
2.62994
2.63227
2.63459
2.63691
2.63923
2.64155
2.64386
2.64616
2.64847
2.65076
2.65306
2.65535
2.65764
2.65992
2.66221
2.66448
2.66676
2.66903
2.67129
2.67356
2.67582
2.67807
2.68032
2.68257
2.68482
2.68706
2.6893
2.69153
2.69377
2.69599
2.69822
2.70044
2.70266
2.70487
2.70708
2.70929
2.71149
2.7137
2.71589
2.71809
2.72028
2.72247
2.72465
2.72683
2.72901
2.73118
2.73335
2.73552
2.73769
2.73985
2.74201
2.74416
2.74631
2.74846
2.75061
2.75275
2.75489
2.75702
2.75916
2.76129
2.76341
2.76553
2.76765
2.76977
2.77189
2.774
2.7761
2.77821
2.78031
2.78241
2.7845
2.7866
2.78869
2.79077
2.79286
2.79494
2.79701
2.79909
2.80116
2.80323
2.80529
2.80735
2.80941
2.81147
2.81352
2.81558
2.81762
2.81967
2.82171
2.82375
2.82579
2.82782
2.82985
2.83188
2.8339
2.83592
2.83794
2.83996
2.84197
2.84398
2.84599
2.848
2.85
2.852
2.854
2.85599
2.85798
2.85997
2.86196
2.86394
2.86592
2.8679
2.86987
2.87184
2.87381
2.87578
2.87774
2.87971
2.88166
2.88362
2.88557
2.88753
2.88947
2.89142
2.89336
2.8953
2.89724
2.89918
2.90111
2.90304
2.90497
2.90689
2.90881
2.91073
2.91265
2.91456
2.91648
2.91839
2.92029
2.9222
2.9241
2.926
2.9279
2.92979
2.93168
2.93357
2.93546
2.93734
2.93923
2.94111
2.94298
2.94486
2.94673
2.9486
2.95047
2.95233
2.9542
2.95606
2.95791
2.95977
2.96162
2.96347
2.96532
2.96717
2.96901
2.97085
2.97269
2.97453
2.97636
2.9782
2.98003
2.98185
2.98368
2.9855
2.98732
2.98914
2.99095
2.99277
2.99458
2.99639
2.9982
3
3.0018
3.0036
3.0054
3.0072
3.00899
3.01078
3.01257
3.01436
3.01614
3.01792
3.0197
3.02148
3.02326
3.02503
3.0268
3.02857
3.03034
3.0321
3.03386
3.03562
3.03738
3.03914
3.04089
3.04264
3.04439
3.04614
3.04789
3.04963
3.05137
3.05311
3.05485
3.05658
3.05832
3.06005
3.06178
3.0635
3.06523
3.06695
3.06867
3.07039
3.07211
3.07382
3.07553
3.07724
3.07895
3.08066
3.08236
3.08406
3.08576
3.08746
3.08916
3.09085
3.09255
3.09424
3.09592
3.09761
3.0993
3.10098
3.10266
3.10434
3.10601
3.10769
3.10936
3.11103
3.1127
3.11437
3.11603
3.1177
3.11936
3.12102
3.12267
3.12433
3.12598
3.12763
3.12928
3.13093
3.13258
3.13422
3.13586
3.1375
3.13914
3.14078
3.14241
3.14405
3.14568
3.14731
3.14893
3.15056
3.15218
3.15381
3.15543
3.15704
3.15866
3.16027
3.16189
3.1635
3.16511
3.16672
3.16832
3.16993
3.17153
3.17313
3.17473
3.17632
3.17792
3.17951
3.1811
3.18269
3.18428
3.18587
3.18745
3.18903
3.19061
3.19219
3.19377
3.19535
3.19692
3.19849
3.20006
3.20163
3.2032
3.20477
3.20633
3.20789
3.20945
3.21101
3.21257
3.21412
3.21568
3.21723
3.21878
3.22033
3.22188
3.22342
3.22497
3.22651
3.22805
3.22959
3.23113
3.23266
3.23419
3.23573
3.23726
3.23879
3.24031
3.24184
3.24336
3.24489
3.24641
3.24793
3.24945
3.25096
3.25248
3.25399
3.2555
3.25701
3.25852
3.26003
3.26153
3.26303
3.26454
3.26604
3.26754
3.26903
3.27053
3.27202
3.27352
3.27501
3.2765
3.27798
3.27947
3.28096
3.28244
3.28392
3.2854
3.28688
3.28836
3.28983
3.29131
3.29278
3.29425
3.29572
3.29719
3.29866
3.30012
3.30159
3.30305
3.30451
3.30597
3.30743
3.30889
3.31034
3.31179
3.31325
3.3147
3.31615
3.31759
3.31904
3.32048
3.32193
3.32337
3.32481
3.32625
3.32769
3.32912
3.33056
3.33199
3.33342
3.33485
3.33628
3.33771
3.33914
3.34056
3.34199
3.34341
3.34483
3.34625
3.34767
3.34908
3.3505
3.35191
3.35332
3.35473
3.35614
3.35755
3.35896
3.36036
3.36177
3.36317
3.36457
3.36597
3.36737
3.36877
3.37016
3.37156
3.37295
3.37434
3.37573
3.37712
3.37851
3.3799
3.38128
3.38267
3.38405
3.38543
3.38681
3.38819
3.38957
3.39094
3.39232
3.39369
3.39506
3.39643
3.3978
3.39917
3.40054
3.4019
3.40327
3.40463
3.40599
3.40735
3.40871
3.41007
3.41143
3.41278
3.41414
3.41549
3.41684
3.41819
3.41954
3.42089
3.42223
3.42358
3.42492
3.42626
3.42761
3.42895
3.43029
3.43162
3.43296
3.43429
3.43563
3.43696
3.43829
3.43962
3.44095
3.44228
3.44361
3.44493
3.44626
3.44758
3.4489
3.45022
3.45154
3.45286
3.45418
3.45549
3.45681
3.45812
3.45943
3.46074
3.46205
3.46336
3.46467
3.46597
3.46728
3.46858
3.46989
3.47119
3.47249
3.47379
3.47508
3.47638
3.47768
3.47897
3.48027
3.48156
3.48285
3.48414
3.48543
3.48671
3.488
3.48929
3.49057
3.49185
3.49313
3.49442
3.4957
3.49697
3.49825
3.49953
3.5008
3.50208
3.50335
3.50462
3.50589
3.50716
3.50843
3.5097
3.51096
3.51223
3.51349
3.51475
3.51602
3.51728
3.51854
3.51979
3.52105
3.52231
3.52356
3.52482
3.52607
3.52732
3.52857
3.52982
3.53107
3.53232
3.53356
3.53481
3.53605
3.5373
3.53854
3.53978
3.54102
3.54226
3.5435
3.54473
3.54597
3.5472
3.54844
3.54967
3.5509
3.55213
3.55336
3.55459
3.55582
3.55704
3.55827
3.55949
3.56071
3.56194
3.56316
3.56438
3.5656
3.56682
3.56803
3.56925
3.57046
3.57168
3.57289
3.5741
3.57531
3.57652
3.57773
3.57894
3.58015
3.58135
3.58256
3.58376
3.58496
3.58616
3.58736
3.58856
3.58976
3.59096
3.59216
3.59335
3.59455
3.59574
3.59694
3.59813
3.59932
3.60051
3.6017
3.60288
3.60407
3.60526
3.60644
3.60763
3.60881
3.60999
3.61117
3.61235
3.61353
3.61471
3.61589
3.61706
3.61824
3.61941
3.62059
3.62176
3.62293
3.6241
3.62527
3.62644
3.62761
3.62877
3.62994
3.6311
3.63227
3.63343
3.63459
3.63575
3.63691
3.63807
3.63923
3.64039
3.64155
3.6427
3.64386
3.64501
3.64616
3.64731
3.64847
3.64962
3.65076
3.65191
3.65306
3.65421
3.65535
3.6565
3.65764
3.65878
3.65992
3.66107
3.66221
3.66334
3.66448
3.66562
3.66676
3.66789
3.66903
3.67016
3.67129
3.67243
3.67356
3.67469
3.67582
3.67694
3.67807
3.6792
3.68032
3.68145
3.68257
3.6837
3.68482
3.68594
3.68706
3.68818
3.6893
3.69042
3.69153
3.69265
3.69377
3.69488
3.69599
3.69711
3.69822
3.69933
3.70044
3.70155
3.70266
3.70377
3.70487
3.70598
3.70708
3.70819
3.70929
3.71039
3.71149
3.7126
3.7137
3.7148
3.71589
3.71699
3.71809
3.71918
3.72028
3.72137
3.72247
3.72356
3.72465
3.72574
3.72683
3.72792
3.72901
3.7301
3.73118
3.73227
3.73335
3.73444
3.73552
3.7366
3.73769
3.73877
3.73985
3.74093
3.74201
3.74308
3.74416
3.74524
3.74631
3.74739
3.74846
3.74953
3.75061
3.75168
3.75275
3.75382
3.75489
3.75596
3.75702
3.75809
3.75916
3.76022
3.76129
3.76235
3.76341
3.76447
3.76553
3.7666
3.76765
3.76871
3.76977
3.77083
3.77189
3.77294
3.774
3.77505
3.7761
3.77716
3.77821
3.77926
3.78031
3.78136
3.78241
3.78346
3.7845
3.78555
3.7866
3.78764
3.78869
3.78973
3.79077
3.79181
3.79286
3.7939
3.79494
3.79597
3.79701
3.79805
3.79909
3.80012
3.80116
3.80219
3.80323
3.80426
3.80529
3.80632
3.80735
3.80839
3.80941
3.81044
3.81147
3.8125
3.81352
3.81455
3.81558
3.8166
3.81762
3.81865
3.81967
3.82069
3.82171
3.82273
3.82375
3.82477
3.82579
3.8268
3.82782
3.82883
3.82985
3.83086
3.83188
3.83289
3.8339
3.83491
3.83592
3.83693
3.83794
3.83895
3.83996
3.84097
3.84197
3.84298
3.84398
3.84499
3.84599
3.84699
3.848
3.849
3.85
3.851
3.852
3.853
3.854
3.85499
3.85599
3.85699
3.85798
3.85898
3.85997
3.86096
3.86196
3.86295
3.86394
3.86493
3.86592
3.86691
3.8679
3.86888
3.86987
3.87086
3.87184
3.87283
3.87381
3.8748
3.87578
3.87676
3.87774
3.87873
3.87971
3.88069
3.88166
3.88264
3.88362
3.8846
3.88557
3.88655
3.88753
3.8885
3.88947
3.89045
3.89142
3.89239
3.89336
3.89433
3.8953
3.89627
3.89724
3.89821
3.89918
3.90014
3.90111
3.90207
3.90304
3.904
3.90497
3.90593
3.90689
3.90785
3.90881
3.90977
3.91073
3.91169
3.91265
3.91361
3.91456
3.91552
3.91648
3.91743
3.91839
3.91934
3.92029
3.92125
3.9222
3.92315
3.9241
3.92505
3.926
3.92695
3.9279
3.92884
3.92979
3.93074
3.93168
3.93263
3.93357
3.93452
3.93546
3.9364
3.93734
3.93829
3.93923
3.94017
3.94111
3.94205
3.94298
3.94392
3.94486
3.94579
3.94673
3.94767
3.9486
3.94953
3.95047
3.9514
3.95233
3.95327
3.9542
3.95513
3.95606
3.95699
3.95791
3.95884
3.95977
3.9607
3.96162
3.96255
3.96347
3.9644
3.96532
3.96625
3.96717
3.96809
3.96901
3.96993
3.97085
3.97177
3.97269
3.97361
3.97453
3.97545
3.97636
3.97728
3.9782
3.97911
3.98003
3.98094
3.98185
3.98277
3.98368
3.98459
3.9855
3.98641
3.98732
3.98823
3.98914
3.99005
3.99095
3.99186
3.99277
3.99367
3.99458
3.99548
3.99639
3.99729
3.9982
3.9991
4
4.0009
4.0018
4.0027
4.0036
4.0045
4.0054
4.0063
4.0072
4.00809
4.00899
4.00988
4.01078
4.01167
4.01257
4.01346
4.01436
4.01525
4.01614
4.01703
4.01792
4.01881
4.0197
4.02059
4.02148
4.02237
4.02326
4.02414
4.02503
4.02591
4.0268
4.02768
4.02857
4.02945
4.03034
4.03122
4.0321
4.03298
4.03386
4.03474
4.03562
4.0365
4.03738
4.03826
4.03914
4.04002
4.04089
4.04177
4.04264
4.04352
4.04439
4.04527
4.04614
4.04701
4.04789
4.04876
4.04963
4.0505
4.05137
4.05224
4.05311
4.05398
4.05485
4.05572
4.05658
4.05745
4.05832
4.05918
4.06005
4.06091
4.06178
4.06264
4.0635
4.06437
4.06523
4.06609
4.06695
4.06781
4.06867
4.06953
4.07039
4.07125
4.07211
4.07296
4.07382
4.07468
4.07553
4.07639
4.07724
4.0781
4.07895
4.0798
4.08066
4.08151
4.08236
4.08321
4.08406
4.08491
4.08576
4.08661
4.08746
4.08831
4.08916
4.09001
4.09085
4.0917
4.09255
4.09339
4.09424
4.09508
4.09592
4.09677
4.09761
4.09845
4.0993
4.10014
4.10098
4.10182
4.10266
4.1035
4.10434
4.10518
4.10601
4.10685
4.10769
4.10852
4.10936
4.1102
4.11103
4.11187
4.1127
4.11353
4.11437
4.1152
4.11603
4.11686
4.1177
4.11853
4.11936
4.12019
4.12102
4.12184
4.12267
4.1235
4.12433
4.12516
4.12598
4.12681
4.12763
4.12846
4.12928
4.13011
4.13093
4.13175
4.13258
4.1334
4.13422
4.13504
4.13586
4.13668
4.1375
4.13832
4.13914
4.13996
4.14078
4.1416
4.14241
4.14323
4.14405
4.14486
4.14568
4.14649
4.14731
4.14812
4.14893
4.14975
4.15056
4.15137
4.15218
4.15299
4.15381
4.15462
4.15543
4.15623
4.15704
4.15785
4.15866
4.15947
4.16027
4.16108
4.16189
4.16269
4.1635
4.1643
4.16511
4.16591
4.16672
4.16752
4.16832
4.16912
4.16993
4.17073
4.17153
4.17233
4.17313
4.17393
4.17473
4.17552
4.17632
4.17712
4.17792
4.17871
4.17951
4.18031
4.1811
4.1819
4.18269
4.18349
4.18428
4.18507
4.18587
4.18666
4.18745
4.18824
4.18903
4.18982
4.19061
4.1914
4.19219
4.19298
4.19377
4.19456
4.19535
4.19613
4.19692
4.19771
4.19849
4.19928
4.20006
4.20085
4.20163
4.20242
4.2032
4.20398
4.20477
4.20555
4.20633
4.20711
4.20789
4.20867
4.20945
4.21023
4.21101
4.21179
4.21257
4.21335
4.21412
4.2149
4.21568
4.21645
4.21723
4.21801
4.21878
4.21956
4.22033
4.2211
4.22188
4.22265
4.22342
4.22419
4.22497
4.22574
4.22651
4.22728
4.22805
4.22882
4.22959
4.23036
4.23113
4.23189
4.23266
4.23343
4.23419
4.23496
4.23573
4.23649
4.23726
4.23802
4.23879
4.23955
4.24031
4.24108
4.24184
4.2426
4.24336
4.24413
4.24489
4.24565
4.24641
4.24717
4.24793
4.24869
4.24945
4.2502
4.25096
4.25172
4.25248
4.25323
4.25399
4.25475
4.2555
4.25626
4.25701
4.25776
4.25852
4.25927
4.26003
4.26078
4.26153
4.26228
4.26303
4.26379
4.26454
4.26529
4.26604
4.26679
4.26754
4.26828
4.26903
4.26978
4.27053
4.27128
4.27202
4.27277
4.27352
4.27426
4.27501
4.27575
4.2765
4.27724
4.27798
4.27873
4.27947
4.28021
4.28096
4.2817
4.28244
4.28318
4.28392
4.28466
4.2854
4.28614
4.28688
4.28762
4.28836
4.2891
4.28983
4.29057
4.29131
4.29205
4.29278
4.29352
4.29425
4.29499
4.29572
4.29646
4.29719
4.29793
4.29866
4.29939
4.30012
4.30086
4.30159
4.30232
4.30305
4.30378
4.30451
4.30524
4.30597
4.3067
4.30743
4.30816
4.30889
4.30961
4.31034
4.31107
4.31179
4.31252
4.31325
4.31397
4.3147
4.31542
4.31615
4.31687
4.31759
4.31832
4.31904
4.31976
4.32048
4.32121
4.32193
4.32265
4.32337
4.32409
4.32481
4.32553
4.32625
4.32697
4.32769
4.32841
4.32912
4.32984
4.33056
4.33128
4.33199
4.33271
4.33342
4.33414
4.33485
4.33557
4.33628
4.337
4.33771
4.33842
4.33914
4.33985
4.34056
4.34127
4.34199
4.3427
4.34341
4.34412
4.34483
4.34554
4.34625
4.34696
4.34767
4.34837
4.34908
4.34979
4.3505
4.3512
4.35191
4.35262
4.35332
4.35403
4.35473
4.35544
4.35614
4.35685
4.35755
4.35826
4.35896
4.35966
4.36036
4.36107
4.36177
4.36247
4.36317
4.36387
4.36457
4.36527
4.36597
4.36667
4.36737
4.36807
4.36877
4.36947
4.37016
4.37086
4.37156
4.37226
4.37295
4.37365
4.37434
4.37504
4.37573
4.37643
4.37712
4.37782
4.37851
4.37921
4.3799
4.38059
4.38128
4.38198
4.38267
4.38336
4.38405
4.38474
4.38543
4.38612
4.38681
4.3875
4.38819
4.38888
4.38957
4.39025
4.39094
4.39163
4.39232
4.393
4.39369
4.39438
4.39506
4.39575
4.39643
4.39712
4.3978
4.39849
4.39917
4.39985
4.40054
4.40122
4.4019
4.40259
4.40327
4.40395
4.40463
4.40531
4.40599
4.40667
4.40735
4.40803
4.40871
4.40939
4.41007
4.41075
4.41143
4.4121
4.41278
4.41346
4.41414
4.41481
4.41549
4.41616
4.41684
4.41752
4.41819
4.41886
4.41954
4.42021
4.42089
4.42156
4.42223
4.42291
4.42358
4.42425
4.42492
4.42559
4.42626
4.42694
4.42761
4.42828
4.42895
4.42962
4.43029
4.43095
4.43162
4.43229
4.43296
4.43363
4.43429
4.43496
4.43563
4.4363
4.43696
4.43763
4.43829
4.43896
4.43962
4.44029
4.44095
4.44162
4.44228
4.44294
4.44361
4.44427
4.44493
4.44559
4.44626
4.44692
4.44758
4.44824
4.4489
4.44956
4.45022
4.45088
4.45154
4.4522
4.45286
4.45352
4.45418
4.45483
4.45549
4.45615
4.45681
4.45746
4.45812
4.45878
4.45943
4.46009
4.46074
4.4614
4.46205
4.46271
4.46336
4.46401
4.46467
4.46532
4.46597
4.46663
4.46728
4.46793
4.46858
4.46923
4.46989
4.47054
4.47119
4.47184
4.47249
4.47314
4.47379
4.47444
4.47508
4.47573
4.47638
4.47703
4.47768
4.47832
4.47897
4.47962
4.48027
4.48091
4.48156
4.4822
4.48285
4.48349
4.48414
4.48478
4.48543
4.48607
4.48671
4.48736
4.488
4.48864
4.48929
4.48993
4.49057
4.49121
4.49185
4.49249
4.49313
4.49378
4.49442
4.49506
4.4957
4.49633
4.49697
4.49761
4.49825
4.49889
4.49953
4.50016
4.5008
4.50144
4.50208
4.50271
4.50335
4.50398
4.50462
4.50526
4.50589
4.50653
4.50716
4.50779
4.50843
4.50906
4.5097
4.51033
4.51096
4.51159
4.51223
4.51286
4.51349
4.51412
4.51475
4.51538
4.51602
4.51665
4.51728
4.51791
4.51854
4.51916
4.51979
4.52042
4.52105
4.52168
4.52231
4.52293
4.52356
4.52419
4.52482
4.52544
4.52607
4.52669
4.52732
4.52795
4.52857
4.5292
4.52982
4.53045
4.53107
4.53169
4.53232
4.53294
4.53356
4.53419
4.53481
4.53543
4.53605
4.53667
4.5373
4.53792
4.53854
4.53916
4.53978
4.5404
4.54102
4.54164
4.54226
4.54288
4.5435
4.54411
4.54473
4.54535
4.54597
4.54659
4.5472
4.54782
4.54844
4.54905
4.54967
4.55029
4.5509
4.55152
4.55213
4.55275
4.55336
4.55397
4.55459
4.5552
4.55582
4.55643
4.55704
4.55766
4.55827
4.55888
4.55949
4.5601
4.56071
4.56133
4.56194
4.56255
4.56316
4.56377
4.56438
4.56499
4.5656
4.56621
4.56682
4.56742
4.56803
4.56864
4.56925
4.56986
4.57046
4.57107
4.57168
4.57228
4.57289
4.5735
4.5741
4.57471
4.57531
4.57592
4.57652
4.57713
4.57773
4.57833
4.57894
4.57954
4.58015
4.58075
4.58135
4.58195
4.58256
4.58316
4.58376
4.58436
4.58496
4.58556
4.58616
4.58676
4.58736
4.58796
4.58856
4.58916
4.58976
4.59036
4.59096
4.59156
4.59216
4.59276
4.59335
4.59395
4.59455
4.59515
4.59574
4.59634
4.59694
4.59753
4.59813
4.59872
4.59932
4.59991
4.60051
4.6011
4.6017
4.60229
4.60288
4.60348
4.60407
4.60466
4.60526
4.60585
4.60644
4.60703
4.60763
4.60822
4.60881
4.6094
4.60999
4.61058
4.61117
4.61176
4.61235
4.61294
4.61353
4.61412
4.61471
4.6153
4.61589
4.61648
4.61706
4.61765
4.61824
4.61883
4.61941
4.62
4.62059
4.62117
4.62176
4.62234
4.62293
4.62352
4.6241
4.62469
4.62527
4.62585
4.62644
4.62702
4.62761
4.62819
4.62877
4.62936
4.62994
4.63052
4.6311
4.63169
4.63227
4.63285
4.63343
4.63401
4.63459
4.63517
4.63575
4.63633
4.63691
4.63749
4.63807
4.63865
4.63923
4.63981
4.64039
4.64097
4.64155
4.64212
4.6427
4.64328
4.64386
4.64443
4.64501
4.64559
4.64616
4.64674
4.64731
4.64789
4.64847
4.64904
4.64962
4.65019
4.65076
4.65134
4.65191
4.65249
4.65306
4.65363
4.65421
4.65478
4.65535
4.65592
4.6565
4.65707
4.65764
4.65821
4.65878
4.65935
4.65992
4.6605
4.66107
4.66164
4.66221
4.66278
4.66334
4.66391
4.66448
4.66505
4.66562
4.66619
4.66676
4.66732
4.66789
4.66846
4.66903
4.66959
4.67016
4.67073
4.67129
4.67186
4.67243
4.67299
4.67356
4.67412
4.67469
4.67525
4.67582
4.67638
4.67694
4.67751
4.67807
4.67864
4.6792
4.67976
4.68032
4.68089
4.68145
4.68201
4.68257
4.68313
4.6837
4.68426
4.68482
4.68538
4.68594
4.6865
4.68706
4.68762
4.68818
4.68874
4.6893
4.68986
4.69042
4.69098
4.69153
4.69209
4.69265
4.69321
4.69377
4.69432
4.69488
4.69544
4.69599
4.69655
4.69711
4.69766
4.69822
4.69877
4.69933
4.69988
4.70044
4.70099
4.70155
4.7021
4.70266
4.70321
4.70377
4.70432
4.70487
4.70543
4.70598
4.70653
4.70708
4.70764
4.70819
4.70874
4.70929
4.70984
4.71039
4.71094
4.71149
4.71205
4.7126
4.71315
4.7137
4.71425
4.7148
4.71534
4.71589
4.71644
4.71699
4.71754
4.71809
4.71864
4.71918
4.71973
4.72028
4.72083
4.72137
4.72192
4.72247
4.72301
4.72356
4.7241
4.72465
4.7252
4.72574
4.72629
4.72683
4.72738
4.72792
4.72846
4.72901
4.72955
4.7301
4.73064
4.73118
4.73173
4.73227
4.73281
4.73335
4.7339
4.73444
4.73498
4.73552
4.73606
4.7366
4.73715
4.73769
4.73823
4.73877
4.73931
4.73985
4.74039
4.74093
4.74147
4.74201
4.74255
4.74308
4.74362
4.74416
4.7447
4.74524
4.74578
4.74631
4.74685
4.74739
4.74792
4.74846
4.749
4.74953
4.75007
4.75061
4.75114
4.75168
4.75221
4.75275
4.75328
4.75382
4.75435
4.75489
4.75542
4.75596
4.75649
4.75702
4.75756
4.75809
4.75862
4.75916
4.75969
4.76022
4.76075
4.76129
4.76182
4.76235
4.76288
4.76341
4.76394
4.76447
4.765
4.76553
4.76607
4.7666
4.76713
4.76765
4.76818
4.76871
4.76924
4.76977
4.7703
4.77083
4.77136
4.77189
4.77241
4.77294
4.77347
4.774
4.77452
4.77505
4.77558
4.7761
4.77663
4.77716
4.77768
4.77821
4.77873
4.77926
4.77979
4.78031
4.78084
4.78136
4.78188
4.78241
4.78293
4.78346
4.78398
4.7845
4.78503
4.78555
4.78607
4.7866
4.78712
4.78764
4.78816
4.78869
4.78921
4.78973
4.79025
4.79077
4.79129
4.79181
4.79233
4.79286
4.79338
4.7939
4.79442
4.79494
4.79546
4.79597
4.79649
4.79701
4.79753
4.79805
4.79857
4.79909
4.79961
4.80012
4.80064
4.80116
4.80168
4.80219
4.80271
4.80323
4.80374
4.80426
4.80478
4.80529
4.80581
4.80632
4.80684
4.80735
4.80787
4.80839
4.8089
4.80941
4.80993
4.81044
4.81096
4.81147
4.81198
4.8125
4.81301
4.81352
4.81404
4.81455
4.81506
4.81558
4.81609
4.8166
4.81711
4.81762
4.81813
4.81865
4.81916
4.81967
4.82018
4.82069
4.8212
4.82171
4.82222
4.82273
4.82324
4.82375
4.82426
4.82477
4.82528
4.82579
4.82629
4.8268
4.82731
4.82782
4.82833
4.82883
4.82934
4.82985
4.83036
4.83086
4.83137
4.83188
4.83238
4.83289
4.8334
4.8339
4.83441
4.83491
4.83542
4.83592
4.83643
4.83693
4.83744
4.83794
4.83845
4.83895
4.83946
4.83996
4.84046
4.84097
4.84147
4.84197
4.84248
4.84298
4.84348
4.84398
4.84449
4.84499
4.84549
4.84599
4.84649
4.84699
4.8475
4.848
4.8485
4.849
4.8495
4.85
4.8505
4.851
4.8515
4.852
4.8525
4.853
4.8535
4.854
4.85449
4.85499
4.85549
4.85599
4.85649
4.85699
4.85748
4.85798
4.85848
4.85898
4.85947
4.85997
4.86047
4.86096
4.86146
4.86196
4.86245
4.86295
4.86344
4.86394
4.86443
4.86493
4.86542
4.86592
4.86641
4.86691
4.8674
4.8679
4.86839
4.86888
4.86938
4.86987
4.87036
4.87086
4.87135
4.87184
4.87234
4.87283
4.87332
4.87381
4.87431
4.8748
4.87529
4.87578
4.87627
4.87676
4.87725
4.87774
4.87823
4.87873
4.87922
4.87971
4.8802
4.88069
4.88118
4.88166
4.88215
4.88264
4.88313
4.88362
4.88411
4.8846
4.88509
4.88557
4.88606
4.88655
4.88704
4.88753
4.88801
4.8885
4.88899
4.88947
4.88996
4.89045
4.89093
4.89142
4.89191
4.89239
4.89288
4.89336
4.89385
4.89433
4.89482
4.8953
4.89579
4.89627
4.89676
4.89724
4.89772
4.89821
4.89869
4.89918
4.89966
4.90014
4.90063
4.90111
4.90159
4.90207
4.90256
4.90304
4.90352
4.904
4.90448
4.90497
4.90545
4.90593
4.90641
4.90689
4.90737
4.90785
4.90833
4.90881
4.90929
4.90977
4.91025
4.91073
4.91121
4.91169
4.91217
4.91265
4.91313
4.91361
4.91409
4.91456
4.91504
4.91552
4.916
4.91648
4.91695
4.91743
4.91791
4.91839
4.91886
4.91934
4.91982
4.92029
4.92077
4.92125
4.92172
4.9222
4.92267
4.92315
4.92362
4.9241
4.92458
4.92505
4.92552
4.926
4.92647
4.92695
4.92742
4.9279
4.92837
4.92884
4.92932
4.92979
4.93026
4.93074
4.93121
4.93168
4.93216
4.93263
4.9331
4.93357
4.93404
4.93452
4.93499
4.93546
4.93593
4.9364
4.93687
4.93734
4.93782
4.93829
4.93876
4.93923
4.9397
4.94017
4.94064
4.94111
4.94158
4.94205
4.94251
4.94298
4.94345
4.94392
4.94439
4.94486
4.94533
4.94579
4.94626
4.94673
4.9472
4.94767
4.94813
4.9486
4.94907
4.94953
4.95
4.95047
4.95093
4.9514
4.95187
4.95233
4.9528
4.95327
4.95373
4.9542
4.95466
4.95513
4.95559
4.95606
4.95652
4.95699
4.95745
4.95791
4.95838
4.95884
4.95931
4.95977
4.96023
4.9607
4.96116
4.96162
4.96209
4.96255
4.96301
4.96347
4.96394
4.9644
4.96486
4.96532
4.96578
4.96625
4.96671
4.96717
4.96763
4.96809
4.96855
4.96901
4.96947
4.96993
4.97039
4.97085
4.97131
4.97177
4.97223
4.97269
4.97315
4.97361
4.97407
4.97453
4.97499
4.97545
4.97591
4.97636
4.97682
4.97728
4.97774
4.9782
4.97865
4.97911
4.97957
4.98003
4.98048
4.98094
4.9814
4.98185
4.98231
4.98277
4.98322
4.98368
4.98413
4.98459
4.98504
4.9855
4.98596
4.98641
4.98687
4.98732
4.98778
4.98823
4.98868
4.98914
4.98959
4.99005
4.9905
4.99095
4.99141
4.99186
4.99232
4.99277
4.99322
4.99367
4.99413
4.99458
4.99503
4.99548
4.99594
4.99639
4.99684
4.99729
4.99774
4.9982
4.99865
4.9991
4.99955
5
5.00045
5.0009
5.00135
5.0018
5.00225
5.0027
5.00315
5.0036
5.00405
5.0045
5.00495
5.0054
5.00585
5.0063
5.00675
5.0072
5.00764
5.00809
5.00854
5.00899
5.00944
5.00988
5.01033
5.01078
5.01123
5.01167
5.01212
5.01257
5.01302
5.01346
5.01391
5.01436
5.0148
5.01525
5.01569
5.01614
5.01659
5.01703
5.01748
5.01792
5.01837
5.01881
5.01926
5.0197
5.02015
5.02059
5.02104
5.02148
5.02192
5.02237
5.02281
5.02326
5.0237
5.02414
5.02459
5.02503
5.02547
5.02591
5.02636
5.0268
5.02724
5.02768
5.02813
5.02857
5.02901
5.02945
5.02989
5.03034
5.03078
5.03122
5.03166
5.0321
5.03254
5.03298
5.03342
5.03386
5.0343
5.03474
5.03518
5.03562
5.03606
5.0365
5.03694
5.03738
5.03782
5.03826
5.0387
5.03914
5.03958
5.04002
5.04045
5.04089
5.04133
5.04177
5.04221
5.04264
5.04308
5.04352
5.04396
5.04439
5.04483
5.04527
5.04571
5.04614
5.04658
5.04701
5.04745
5.04789
5.04832
5.04876
5.0492
5.04963
5.05007
5.0505
5.05094
5.05137
5.05181
5.05224
5.05268
5.05311
5.05355
5.05398
5.05441
5.05485
5.05528
5.05572
5.05615
5.05658
5.05702
5.05745
5.05788
5.05832
5.05875
5.05918
5.05961
5.06005
5.06048
5.06091
5.06134
5.06178
5.06221
5.06264
5.06307
5.0635
5.06393
5.06437
5.0648
5.06523
5.06566
5.06609
5.06652
5.06695
5.06738
5.06781
5.06824
5.06867
5.0691
5.06953
5.06996
5.07039
5.07082
5.07125
5.07168
5.07211
5.07253
5.07296
5.07339
5.07382
5.07425
5.07468
5.0751
5.07553
5.07596
5.07639
5.07682
5.07724
5.07767
5.0781
5.07852
5.07895
5.07938
5.0798
5.08023
5.08066
5.08108
5.08151
5.08194
5.08236
5.08279
5.08321
5.08364
5.08406
5.08449
5.08491
5.08534
5.08576
5.08619
5.08661
5.08704
5.08746
5.08789
5.08831
5.08874
5.08916
5.08958
5.09001
5.09043
5.09085
5.09128
5.0917
5.09212
5.09255
5.09297
5.09339
5.09381
5.09424
5.09466
5.09508
5.0955
5.09592
5.09635
5.09677
5.09719
5.09761
5.09803
5.09845
5.09887
5.0993
5.09972
5.10014
5.10056
5.10098
5.1014
5.10182
5.10224
5.10266
5.10308
5.1035
5.10392
5.10434
5.10476
5.10518
5.10559
5.10601
5.10643
5.10685
5.10727
5.10769
5.10811
5.10852
5.10894
5.10936
5.10978
5.1102
5.11061
5.11103
5.11145
5.11187
5.11228
5.1127
5.11312
5.11353
5.11395
5.11437
5.11478
5.1152
5.11562
5.11603
5.11645
5.11686
5.11728
5.1177
5.11811
5.11853
5.11894
5.11936
5.11977
5.12019
5.1206
5.12102
5.12143
5.12184
5.12226
5.12267
5.12309
5.1235
5.12391
5.12433
5.12474
5.12516
5.12557
5.12598
5.12639
5.12681
5.12722
5.12763
5.12805
5.12846
5.12887
5.12928
5.1297
5.13011
5.13052
5.13093
5.13134
5.13175
5.13217
5.13258
5.13299
5.1334
5.13381
5.13422
5.13463
5.13504
5.13545
5.13586
5.13627
5.13668
5.13709
5.1375
5.13791
5.13832
5.13873
5.13914
5.13955
5.13996
5.14037
5.14078
5.14119
5.1416
5.142
5.14241
5.14282
5.14323
5.14364
5.14405
5.14445
5.14486
5.14527
5.14568
5.14608
5.14649
5.1469
5.14731
5.14771
5.14812
5.14853
5.14893
5.14934
5.14975
5.15015
5.15056
5.15097
5.15137
5.15178
5.15218
5.15259
5.15299
5.1534
5.15381
5.15421
5.15462
5.15502
5.15543
5.15583
5.15623
5.15664
5.15704
5.15745
5.15785
5.15826
5.15866
5.15906
5.15947
5.15987
5.16027
5.16068
5.16108
5.16148
5.16189
5.16229
5.16269
5.1631
5.1635
5.1639
5.1643
5.16471
5.16511
5.16551
5.16591
5.16631
5.16672
5.16712
5.16752
5.16792
5.16832
5.16872
5.16912
5.16952
5.16993
5.17033
5.17073
5.17113
5.17153
5.17193
5.17233
5.17273
5.17313
5.17353
5.17393
5.17433
5.17473
5.17513
5.17552
5.17592
5.17632
5.17672
5.17712
5.17752
5.17792
5.17832
5.17871
5.17911
5.17951
5.17991
5.18031
5.1807
5.1811
5.1815
5.1819
5.1823
5.18269
5.18309
5.18349
5.18388
5.18428
5.18468
5.18507
5.18547
5.18587
5.18626
5.18666
5.18706
5.18745
5.18785
5.18824
5.18864
5.18903
5.18943
5.18982
5.19022
5.19061
5.19101
5.1914
5.1918
5.19219
5.19259
5.19298
5.19338
5.19377
5.19417
5.19456
5.19495
5.19535
5.19574
5.19613
5.19653
5.19692
5.19731
5.19771
5.1981
5.19849
5.19889
5.19928
5.19967
5.20006
5.20046
5.20085
5.20124
5.20163
5.20203
5.20242
5.20281
5.2032
5.20359
5.20398
5.20438
5.20477
5.20516
5.20555
5.20594
5.20633
5.20672
5.20711
5.2075
5.20789
5.20828
5.20867
5.20906
5.20945
5.20984
5.21023
5.21062
5.21101
5.2114
5.21179
5.21218
5.21257
5.21296
5.21335
5.21374
5.21412
5.21451
5.2149
5.21529
5.21568
5.21607
5.21645
5.21684
5.21723
5.21762
5.21801
5.21839
5.21878
5.21917
5.21956
5.21994
5.22033
5.22072
5.2211
5.22149
5.22188
5.22226
5.22265
5.22304
5.22342
5.22381
5.22419
5.22458
5.22497
5.22535
5.22574
5.22612
5.22651
5.22689
5.22728
5.22766
5.22805
5.22843
5.22882
5.2292
5.22959
5.22997
5.23036
5.23074
5.23113
5.23151
5.23189
5.23228
5.23266
5.23304
5.23343
5.23381
5.23419
5.23458
5.23496
5.23534
5.23573
5.23611
5.23649
5.23688
5.23726
5.23764
5.23802
5.2384
5.23879
5.23917
5.23955
5.23993
5.24031
5.2407
5.24108
5.24146
5.24184
5.24222
5.2426
5.24298
5.24336
5.24375
5.24413
5.24451
5.24489
5.24527
5.24565
5.24603
5.24641
5.24679
5.24717
5.24755
5.24793
5.24831
5.24869
5.24907
5.24945
5.24982
5.2502
5.25058
5.25096
5.25134
5.25172
5.2521
5.25248
5.25285
5.25323
5.25361
5.25399
5.25437
5.25475
5.25512
5.2555
5.25588
5.25626
5.25663
5.25701
5.25739
5.25776
5.25814
5.25852
5.2589
5.25927
5.25965
5.26003
5.2604
5.26078
5.26115
5.26153
5.26191
5.26228
5.26266
5.26303
5.26341
5.26379
5.26416
5.26454
5.26491
5.26529
5.26566
5.26604
5.26641
5.26679
5.26716
5.26754
5.26791
5.26828
5.26866
5.26903
5.26941
5.26978
5.27016
5.27053
5.2709
5.27128
5.27165
5.27202
5.2724
5.27277
5.27314
5.27352
5.27389
5.27426
5.27463
5.27501
5.27538
5.27575
5.27612
5.2765
5.27687
5.27724
5.27761
5.27798
5.27836
5.27873
5.2791
5.27947
5.27984
5.28021
5.28059
5.28096
5.28133
5.2817
5.28207
5.28244
5.28281
5.28318
5.28355
5.28392
5.28429
5.28466
5.28503
5.2854
5.28577
5.28614
5.28651
5.28688
5.28725
5.28762
5.28799
5.28836
5.28873
5.2891
5.28947
5.28983
5.2902
5.29057
5.29094
5.29131
5.29168
5.29205
5.29241
5.29278
5.29315
5.29352
5.29389
5.29425
5.29462
5.29499
5.29536
5.29572
5.29609
5.29646
5.29682
5.29719
5.29756
5.29793
5.29829
5.29866
5.29902
5.29939
5.29976
5.30012
5.30049
5.30086
5.30122
5.30159
5.30195
5.30232
5.30268
5.30305
5.30342
5.30378
5.30415
5.30451
5.30488
5.30524
5.30561
5.30597
5.30634
5.3067
5.30706
5.30743
5.30779
5.30816
5.30852
5.30889
5.30925
5.30961
5.30998
5.31034
5.3107
5.31107
5.31143
5.31179
5.31216
5.31252
5.31288
5.31325
5.31361
5.31397
5.31433
5.3147
5.31506
5.31542
5.31578
5.31615
5.31651
5.31687
5.31723
5.31759
5.31796
5.31832
5.31868
5.31904
5.3194
5.31976
5.32012
5.32048
5.32085
5.32121
5.32157
5.32193
5.32229
5.32265
5.32301
5.32337
5.32373
5.32409
5.32445
5.32481
5.32517
5.32553
5.32589
5.32625
5.32661
5.32697
5.32733
5.32769
5.32805
5.32841
5.32876
5.32912
5.32948
5.32984
5.3302
5.33056
5.33092
5.33128
5.33163
5.33199
5.33235
5.33271
5.33307
5.33342
5.33378
5.33414
5.3345
5.33485
5.33521
5.33557
5.33593
5.33628
5.33664
5.337
5.33735
5.33771
5.33807
5.33842
5.33878
5.33914
5.33949
5.33985
5.34021
5.34056
5.34092
5.34127
5.34163
5.34199
5.34234
5.3427
5.34305
5.34341
5.34376
5.34412
5.34447
5.34483
5.34518
5.34554
5.34589
5.34625
5.3466
5.34696
5.34731
5.34767
5.34802
5.34837
5.34873
5.34908
5.34944
5.34979
5.35014
5.3505
5.35085
5.3512
5.35156
5.35191
5.35226
5.35262
5.35297
5.35332
5.35368
5.35403
5.35438
5.35473
5.35509
5.35544
5.35579
5.35614
5.3565
5.35685
5.3572
5.35755
5.3579
5.35826
5.35861
5.35896
5.35931
5.35966
5.36001
5.36036
5.36072
5.36107
5.36142
5.36177
5.36212
5.36247
5.36282
5.36317
5.36352
5.36387
5.36422
5.36457
5.36492
5.36527
5.36562
5.36597
5.36632
5.36667
5.36702
5.36737
5.36772
5.36807
5.36842
5.36877
5.36912
5.36947
5.36982
5.37016
5.37051
5.37086
5.37121
5.37156
5.37191
5.37226
5.3726
5.37295
5.3733
5.37365
5.374
5.37434
5.37469
5.37504
5.37539
5.37573
5.37608
5.37643
5.37678
5.37712
5.37747
5.37782
5.37816
5.37851
5.37886
5.37921
5.37955
5.3799
5.38024
5.38059
5.38094
5.38128
5.38163
5.38198
5.38232
5.38267
5.38301
5.38336
5.3837
5.38405
5.3844
5.38474
5.38509
5.38543
5.38578
5.38612
5.38647
5.38681
5.38716
5.3875
5.38785
5.38819
5.38853
5.38888
5.38922
5.38957
5.38991
5.39025
5.3906
5.39094
5.39129
5.39163
5.39197
5.39232
5.39266
5.393
5.39335
5.39369
5.39403
5.39438
5.39472
5.39506
5.39541
5.39575
5.39609
5.39643
5.39678
5.39712
5.39746
5.3978
5.39815
5.39849
5.39883
5.39917
5.39951
5.39985
5.4002
5.40054
5.40088
5.40122
5.40156
5.4019
5.40224
5.40259
5.40293
5.40327
5.40361
5.40395
5.40429
5.40463
5.40497
5.40531
5.40565
5.40599
5.40633
5.40667
5.40701
5.40735
5.40769
5.40803
5.40837
5.40871
5.40905
5.40939
5.40973
5.41007
5.41041
5.41075
5.41109
5.41143
5.41177
5.4121
5.41244
5.41278
5.41312
5.41346
5.4138
5.41414
5.41447
5.41481
5.41515
5.41549
5.41583
5.41616
5.4165
5.41684
5.41718
5.41752
5.41785
5.41819
5.41853
5.41886
5.4192
5.41954
5.41988
5.42021
5.42055
5.42089
5.42122
5.42156
5.4219
5.42223
5.42257
5.42291
5.42324
5.42358
5.42391
5.42425
5.42459
5.42492
5.42526
5.42559
5.42593
5.42626
5.4266
5.42694
5.42727
5.42761
5.42794
5.42828
5.42861
5.42895
5.42928
5.42962
5.42995
5.43029
5.43062
5.43095
5.43129
5.43162
5.43196
5.43229
5.43263
5.43296
5.43329
5.43363
5.43396
5.43429
5.43463
5.43496
5.4353
5.43563
5.43596
5.4363
5.43663
5.43696
5.43729
5.43763
5.43796
5.43829
5.43863
5.43896
5.43929
5.43962
5.43996
5.44029
5.44062
5.44095
5.44128
5.44162
5.44195
5.44228
5.44261
5.44294
5.44328
5.44361
5.44394
5.44427
5.4446
5.44493
5.44526
5.44559
5.44593
5.44626
5.44659
5.44692
5.44725
5.44758
5.44791
5.44824
5.44857
5.4489
5.44923
5.44956
5.44989
5.45022
5.45055
5.45088
5.45121
5.45154
5.45187
5.4522
5.45253
5.45286
5.45319
5.45352
5.45385
5.45418
5.4545
5.45483
5.45516
5.45549
5.45582
5.45615
5.45648
5.45681
5.45713
5.45746
5.45779
5.45812
5.45845
5.45878
5.4591
5.45943
5.45976
5.46009
5.46041
5.46074
5.46107
5.4614
5.46172
5.46205
5.46238
5.46271
5.46303
5.46336
5.46369
5.46401
5.46434
5.46467
5.46499
5.46532
5.46565
5.46597
5.4663
5.46663
5.46695
5.46728
5.46761
5.46793
5.46826
5.46858
5.46891
5.46923
5.46956
5.46989
5.47021
5.47054
5.47086
5.47119
5.47151
5.47184
5.47216
5.47249
5.47281
5.47314
5.47346
5.47379
5.47411
5.47444
5.47476
5.47508
5.47541
5.47573
5.47606
5.47638
5.47671
5.47703
5.47735
5.47768
5.478
5.47832
5.47865
5.47897
5.4793
5.47962
5.47994
5.48027
5.48059
5.48091
5.48123
5.48156
5.48188
5.4822
5.48253
5.48285
5.48317
5.48349
5.48382
5.48414
5.48446
5.48478
5.4851
5.48543
5.48575
5.48607
5.48639
5.48671
5.48704
5.48736
5.48768
5.488
5.48832
5.48864
5.48896
5.48929
5.48961
5.48993
5.49025
5.49057
5.49089
5.49121
5.49153
5.49185
5.49217
5.49249
5.49281
5.49313
5.49346
5.49378
5.4941
5.49442
5.49474
5.49506
5.49538
5.4957
5.49601
5.49633
5.49665
5.49697
5.49729
5.49761
5.49793
5.49825
5.49857
5.49889
5.49921
5.49953
5.49985
5.50016
5.50048
5.5008
5.50112
5.50144
5.50176
5.50208
5.50239
5.50271
5.50303
5.50335
5.50367
5.50398
5.5043
5.50462
5.50494
5.50526
5.50557
5.50589
5.50621
5.50653
5.50684
5.50716
5.50748
5.50779
5.50811
5.50843
5.50875
5.50906
5.50938
5.5097
5.51001
5.51033
5.51065
5.51096
5.51128
5.51159
5.51191
5.51223
5.51254
5.51286
5.51317
5.51349
5.51381
5.51412
5.51444
5.51475
5.51507
5.51538
5.5157
5.51602
5.51633
5.51665
5.51696
5.51728
5.51759
5.51791
5.51822
5.51854
5.51885
5.51916
5.51948
5.51979
5.52011
5.52042
5.52074
5.52105
5.52136
5.52168
5.52199
5.52231
5.52262
5.52293
5.52325
5.52356
5.52388
5.52419
5.5245
5.52482
5.52513
5.52544
5.52576
5.52607
5.52638
5.52669
5.52701
5.52732
5.52763
5.52795
5.52826
5.52857
5.52888
5.5292
5.52951
5.52982
5.53013
5.53045
5.53076
5.53107
5.53138
5.53169
5.53201
5.53232
5.53263
5.53294
5.53325
5.53356
5.53387
5.53419
5.5345
5.53481
5.53512
5.53543
5.53574
5.53605
5.53636
5.53667
5.53699
5.5373
5.53761
5.53792
5.53823
5.53854
5.53885
5.53916
5.53947
5.53978
5.54009
5.5404
5.54071
5.54102
5.54133
5.54164
5.54195
5.54226
5.54257
5.54288
5.54319
5.5435
5.54381
5.54411
5.54442
5.54473
5.54504
5.54535
5.54566
5.54597
5.54628
5.54659
5.54689
5.5472
5.54751
5.54782
5.54813
5.54844
5.54874
5.54905
5.54936
5.54967
5.54998
5.55029
5.55059
5.5509
5.55121
5.55152
5.55182
5.55213
5.55244
5.55275
5.55305
5.55336
5.55367
5.55397
5.55428
5.55459
5.5549
5.5552
5.55551
5.55582
5.55612
5.55643
5.55674
5.55704
5.55735
5.55766
5.55796
5.55827
5.55857
5.55888
5.55919
5.55949
5.5598
5.5601
5.56041
5.56071
5.56102
5.56133
5.56163
5.56194
5.56224
5.56255
5.56285
5.56316
5.56346
5.56377
5.56407
5.56438
5.56468
5.56499
5.56529
5.5656
5.5659
5.56621
5.56651
5.56682
5.56712
5.56742
5.56773
5.56803
5.56834
5.56864
5.56894
5.56925
5.56955
5.56986
5.57016
5.57046
5.57077
5.57107
5.57137
5.57168
5.57198
5.57228
5.57259
5.57289
5.57319
5.5735
5.5738
5.5741
5.5744
5.57471
5.57501
5.57531
5.57561
5.57592
5.57622
5.57652
5.57682
5.57713
5.57743
5.57773
5.57803
5.57833
5.57864
5.57894
5.57924
5.57954
5.57984
5.58015
5.58045
5.58075
5.58105
5.58135
5.58165
5.58195
5.58225
5.58256
5.58286
5.58316
5.58346
5.58376
5.58406
5.58436
5.58466
5.58496
5.58526
5.58556
5.58586
5.58616
5.58646
5.58676
5.58706
5.58736
5.58767
5.58796
5.58826
5.58856
5.58886
5.58916
5.58946
5.58976
5.59006
5.59036
5.59066
5.59096
5.59126
5.59156
5.59186
5.59216
5.59246
5.59276
5.59305
5.59335
5.59365
5.59395
5.59425
5.59455
5.59485
5.59515
5.59544
5.59574
5.59604
5.59634
5.59664
5.59694
5.59723
5.59753
5.59783
5.59813
5.59842
5.59872
5.59902
5.59932
5.59962
5.59991
5.60021
5.60051
5.6008
5.6011
5.6014
5.6017
5.60199
5.60229
5.60259
5.60288
5.60318
5.60348
5.60377
5.60407
5.60437
5.60466
5.60496
5.60526
5.60555
5.60585
5.60615
5.60644
5.60674
5.60703
5.60733
5.60763
5.60792
5.60822
5.60851
5.60881
5.6091
5.6094
5.6097
5.60999
5.61029
5.61058
5.61088
5.61117
5.61147
5.61176
5.61206
5.61235
5.61265
5.61294
5.61324
5.61353
5.61383
5.61412
5.61442
5.61471
5.615
5.6153
5.61559
5.61589
5.61618
5.61648
5.61677
5.61706
5.61736
5.61765
5.61794
5.61824
5.61853
5.61883
5.61912
5.61941
5.61971
5.62
5.62029
5.62059
5.62088
5.62117
5.62147
5.62176
5.62205
5.62234
5.62264
5.62293
5.62322
5.62352
5.62381
5.6241
5.62439
5.62469
5.62498
5.62527
5.62556
5.62585
5.62615
5.62644
5.62673
5.62702
5.62732
5.62761
5.6279
5.62819
5.62848
5.62877
5.62907
5.62936
5.62965
5.62994
5.63023
5.63052
5.63081
5.6311
5.6314
5.63169
5.63198
5.63227
5.63256
5.63285
5.63314
5.63343
5.63372
5.63401
5.6343
5.63459
5.63488
5.63517
5.63546
5.63575
5.63604
5.63633
5.63662
5.63691
5.6372
5.63749
5.63778
5.63807
5.63836
5.63865
5.63894
5.63923
5.63952
5.63981
5.6401
5.64039
5.64068
5.64097
5.64126
5.64155
5.64184
5.64212
5.64241
5.6427
5.64299
5.64328
5.64357
5.64386
5.64414
5.64443
5.64472
5.64501
5.6453
5.64559
5.64587
5.64616
5.64645
5.64674
5.64703
5.64731
5.6476
5.64789
5.64818
5.64847
5.64875
5.64904
5.64933
5.64962
5.6499
5.65019
5.65048
5.65076
5.65105
5.65134
5.65163
5.65191
5.6522
5.65249
5.65277
5.65306
5.65335
5.65363
5.65392
5.65421
5.65449
5.65478
5.65507
5.65535
5.65564
5.65592
5.65621
5.6565
5.65678
5.65707
5.65735
5.65764
5.65793
5.65821
5.6585
5.65878
5.65907
5.65935
5.65964
5.65992
5.66021
5.6605
5.66078
5.66107
5.66135
5.66164
5.66192
5.66221
5.66249
5.66278
5.66306
5.66334
5.66363
5.66391
5.6642
5.66448
5.66477
5.66505
5.66534
5.66562
5.6659
5.66619
5.66647
5.66676
5.66704
5.66732
5.66761
5.66789
5.66818
5.66846
5.66874
5.66903
5.66931
5.66959
5.66988
5.67016
5.67044
5.67073
5.67101
5.67129
5.67158
5.67186
5.67214
5.67243
5.67271
5.67299
5.67327
5.67356
5.67384
5.67412
5.6744
5.67469
5.67497
5.67525
5.67553
5.67582
5.6761
5.67638
5.67666
5.67694
5.67723
5.67751
5.67779
5.67807
5.67835
5.67864
5.67892
5.6792
5.67948
5.67976
5.68004
5.68032
5.68061
5.68089
5.68117
5.68145
5.68173
5.68201
5.68229
5.68257
5.68285
5.68313
5.68342
5.6837
5.68398
5.68426
5.68454
5.68482
5.6851
5.68538
5.68566
5.68594
5.68622
5.6865
5.68678
5.68706
5.68734
5.68762
5.6879
5.68818
5.68846
5.68874
5.68902
5.6893
5.68958
5.68986
5.69014
5.69042
5.6907
5.69098
5.69125
5.69153
5.69181
5.69209
5.69237
5.69265
5.69293
5.69321
5.69349
5.69377
5.69404
5.69432
5.6946
5.69488
5.69516
5.69544
5.69572
5.69599
5.69627
5.69655
5.69683
5.69711
5.69738
5.69766
5.69794
5.69822
5.6985
5.69877
5.69905
5.69933
5.69961
5.69988
5.70016
5.70044
5.70072
5.70099
5.70127
5.70155
5.70183
5.7021
5.70238
5.70266
5.70293
5.70321
5.70349
5.70377
5.70404
5.70432
5.7046
5.70487
5.70515
5.70543
5.7057
5.70598
5.70625
5.70653
5.70681
5.70708
5.70736
5.70764
5.70791
5.70819
5.70846
5.70874
5.70901
5.70929
5.70957
5.70984
5.71012
5.71039
5.71067
5.71094
5.71122
5.71149
5.71177
5.71205
5.71232
5.7126
5.71287
5.71315
5.71342
5.7137
5.71397
5.71425
5.71452
5.7148
5.71507
5.71534
5.71562
5.71589
5.71617
5.71644
5.71672
5.71699
5.71727
5.71754
5.71781
5.71809
5.71836
5.71864
5.71891
5.71918
5.71946
5.71973
5.72
5.72028
5.72055
5.72083
5.7211
5.72137
5.72165
5.72192
5.72219
5.72247
5.72274
5.72301
5.72329
5.72356
5.72383
5.7241
5.72438
5.72465
5.72492
5.7252
5.72547
5.72574
5.72601
5.72629
5.72656
5.72683
5.7271
5.72738
5.72765
5.72792
5.72819
5.72846
5.72874
5.72901
5.72928
5.72955
5.72982
5.7301
5.73037
5.73064
5.73091
5.73118
5.73145
5.73173
5.732
5.73227
5.73254
5.73281
5.73308
5.73335
5.73363
5.7339
5.73417
5.73444
5.73471
5.73498
5.73525
5.73552
5.73579
5.73606
5.73633
5.7366
5.73688
5.73715
5.73742
5.73769
5.73796
5.73823
5.7385
5.73877
5.73904
5.73931
5.73958
5.73985
5.74012
5.74039
5.74066
5.74093
5.7412
5.74147
5.74174
5.74201
5.74228
5.74255
5.74281
5.74308
5.74335
5.74362
5.74389
5.74416
5.74443
5.7447
5.74497
5.74524
5.74551
5.74578
5.74604
5.74631
5.74658
5.74685
5.74712
5.74739
5.74766
5.74792
5.74819
5.74846
5.74873
5.749
5.74927
5.74953
5.7498
5.75007
5.75034
5.75061
5.75087
5.75114
5.75141
5.75168
5.75195
5.75221
5.75248
5.75275
5.75302
5.75328
5.75355
5.75382
5.75409
5.75435
5.75462
5.75489
5.75515
5.75542
5.75569
5.75596
5.75622
5.75649
5.75676
5.75702
5.75729
5.75756
5.75782
5.75809
5.75836
5.75862
5.75889
5.75916
5.75942
5.75969
5.75995
5.76022
5.76049
5.76075
5.76102
5.76129
5.76155
5.76182
5.76208
5.76235
5.76261
5.76288
5.76315
5.76341
5.76368
5.76394
5.76421
5.76447
5.76474
5.765
5.76527
5.76553
5.7658
5.76607
5.76633
5.7666
5.76686
5.76713
5.76739
5.76765
5.76792
5.76818
5.76845
5.76871
5.76898
5.76924
5.76951
5.76977
5.77004
5.7703
5.77056
5.77083
5.77109
5.77136
5.77162
5.77189
5.77215
5.77241
5.77268
5.77294
5.77321
5.77347
5.77373
5.774
5.77426
5.77452
5.77479
5.77505
5.77531
5.77558
5.77584
5.7761
5.77637
5.77663
5.77689
5.77716
5.77742
5.77768
5.77795
5.77821
5.77847
5.77873
5.779
5.77926
5.77952
5.77979
5.78005
5.78031
5.78057
5.78084
5.7811
5.78136
5.78162
5.78188
5.78215
5.78241
5.78267
5.78293
5.78319
5.78346
5.78372
5.78398
5.78424
5.7845
5.78477
5.78503
5.78529
5.78555
5.78581
5.78607
5.78633
5.7866
5.78686
5.78712
5.78738
5.78764
5.7879
5.78816
5.78842
5.78869
5.78895
5.78921
5.78947
5.78973
5.78999
5.79025
5.79051
5.79077
5.79103
5.79129
5.79155
5.79181
5.79207
5.79233
5.7926
5.79286
5.79312
5.79338
5.79364
5.7939
5.79416
5.79442
5.79468
5.79494
5.7952
5.79546
5.79572
5.79597
5.79623
5.79649
5.79675
5.79701
5.79727
5.79753
5.79779
5.79805
5.79831
5.79857
5.79883
5.79909
5.79935
5.79961
5.79986
5.80012
5.80038
5.80064
5.8009
5.80116
5.80142
5.80168
5.80193
5.80219
5.80245
5.80271
5.80297
5.80323
5.80349
5.80374
5.804
5.80426
5.80452
5.80478
5.80503
5.80529
5.80555
5.80581
5.80607
5.80632
5.80658
5.80684
5.8071
5.80735
5.80761
5.80787
5.80813
5.80839
5.80864
5.8089
5.80916
5.80941
5.80967
5.80993
5.81019
5.81044
5.8107
5.81096
5.81121
5.81147
5.81173
5.81198
5.81224
5.8125
5.81275
5.81301
5.81327
5.81352
5.81378
5.81404
5.81429
5.81455
5.81481
5.81506
5.81532
5.81558
5.81583
5.81609
5.81634
5.8166
5.81686
5.81711
5.81737
5.81762
5.81788
5.81813
5.81839
5.81865
5.8189
5.81916
5.81941
5.81967
5.81992
5.82018
5.82043
5.82069
5.82094
5.8212
5.82146
5.82171
5.82197
5.82222
5.82248
5.82273
5.82299
5.82324
5.82349
5.82375
5.824
5.82426
5.82451
5.82477
5.82502
5.82528
5.82553
5.82579
5.82604
5.82629
5.82655
5.8268
5.82706
5.82731
5.82757
5.82782
5.82807
5.82833
5.82858
5.82883
5.82909
5.82934
5.8296
5.82985
5.8301
5.83036
5.83061
5.83086
5.83112
5.83137
5.83162
5.83188
5.83213
5.83238
5.83264
5.83289
5.83314
5.8334
5.83365
5.8339
5.83415
5.83441
5.83466
5.83491
5.83517
5.83542
5.83567
5.83592
5.83618
5.83643
5.83668
5.83693
5.83719
5.83744
5.83769
5.83794
5.8382
5.83845
5.8387
5.83895
5.8392
5.83946
5.83971
5.83996
5.84021
5.84046
5.84071
5.84097
5.84122
5.84147
5.84172
5.84197
5.84222
5.84248
5.84273
5.84298
5.84323
5.84348
5.84373
5.84398
5.84423
5.84449
5.84474
5.84499
5.84524
5.84549
5.84574
5.84599
5.84624
5.84649
5.84674
5.84699
5.84725
5.8475
5.84775
5.848
5.84825
5.8485
5.84875
5.849
5.84925
5.8495
5.84975
5.85
5.85025
5.8505
5.85075
5.851
5.85125
5.8515
5.85175
5.852
5.85225
5.8525
5.85275
5.853
5.85325
5.8535
5.85375
5.854
5.85425
5.85449
5.85474
5.85499
5.85524
5.85549
5.85574
5.85599
5.85624
5.85649
5.85674
5.85699
5.85723
5.85748
5.85773
5.85798
5.85823
5.85848
5.85873
5.85898
5.85922
5.85947
5.85972
5.85997
5.86022
5.86047
5.86071
5.86096
5.86121
5.86146
5.86171
5.86196
5.8622
5.86245
5.8627
5.86295
5.8632
5.86344
5.86369
5.86394
5.86419
5.86443
5.86468
5.86493
5.86518
5.86542
5.86567
5.86592
5.86617
5.86641
5.86666
5.86691
5.86716
5.8674
5.86765
5.8679
5.86814
5.86839
5.86864
5.86888
5.86913
5.86938
5.86962
5.86987
5.87012
5.87036
5.87061
5.87086
5.8711
5.87135
5.8716
5.87184
5.87209
5.87234
5.87258
5.87283
5.87307
5.87332
5.87357
5.87381
5.87406
5.87431
5.87455
5.8748
5.87504
5.87529
5.87553
5.87578
5.87603
5.87627
5.87652
5.87676
5.87701
5.87725
5.8775
5.87774
5.87799
5.87823
5.87848
5.87873
5.87897
5.87922
5.87946
5.87971
5.87995
5.8802
5.88044
5.88069
5.88093
5.88118
5.88142
5.88166
5.88191
5.88215
5.8824
5.88264
5.88289
5.88313
5.88338
5.88362
5.88387
5.88411
5.88435
5.8846
5.88484
5.88509
5.88533
5.88557
5.88582
5.88606
5.88631
5.88655
5.88679
5.88704
5.88728
5.88753
5.88777
5.88801
5.88826
5.8885
5.88874
5.88899
5.88923
5.88947
5.88972
5.88996
5.8902
5.89045
5.89069
5.89093
5.89118
5.89142
5.89166
5.89191
5.89215
5.89239
5.89263
5.89288
5.89312
5.89336
5.8936
5.89385
5.89409
5.89433
5.89458
5.89482
5.89506
5.8953
5.89554
5.89579
5.89603
5.89627
5.89651
5.89676
5.897
5.89724
5.89748
5.89772
5.89797
5.89821
5.89845
5.89869
5.89893
5.89918
5.89942
5.89966
5.8999
5.90014
5.90038
5.90063
5.90087
5.90111
5.90135
5.90159
5.90183
5.90207
5.90231
5.90256
5.9028
5.90304
5.90328
5.90352
5.90376
5.904
5.90424
5.90448
5.90472
5.90497
5.90521
5.90545
5.90569
5.90593
5.90617
5.90641
5.90665
5.90689
5.90713
5.90737
5.90761
5.90785
5.90809
5.90833
5.90857
5.90881
5.90905
5.90929
5.90953
5.90977
5.91001
5.91025
5.91049
5.91073
5.91097
5.91121
5.91145
5.91169
5.91193
5.91217
5.91241
5.91265
5.91289
5.91313
5.91337
5.91361
5.91385
5.91409
5.91433
5.91456
5.9148
5.91504
5.91528
5.91552
5.91576
5.916
5.91624
5.91648
5.91672
5.91695
5.91719
5.91743
5.91767
5.91791
5.91815
5.91839
5.91862
5.91886
5.9191
5.91934
5.91958
5.91982
5.92006
5.92029
5.92053
5.92077
5.92101
5.92125
5.92148
5.92172
5.92196
5.9222
5.92244
5.92267
5.92291
5.92315
5.92339
5.92362
5.92386
5.9241
5.92434
5.92458
5.92481
5.92505
5.92529
5.92552
5.92576
5.926
5.92624
5.92647
5.92671
5.92695
5.92719
5.92742
5.92766
5.9279
5.92813
5.92837
5.92861
5.92884
5.92908
5.92932
5.92955
5.92979
5.93003
5.93026
5.9305
5.93074
5.93097
5.93121
5.93145
5.93168
5.93192
5.93216
5.93239
5.93263
5.93286
5.9331
5.93334
5.93357
5.93381
5.93404
5.93428
5.93452
5.93475
5.93499
5.93522
5.93546
5.9357
5.93593
5.93617
5.9364
5.93664
5.93687
5.93711
5.93734
5.93758
5.93782
5.93805
5.93829
5.93852
5.93876
5.93899
5.93923
5.93946
5.9397
5.93993
5.94017
5.9404
5.94064
5.94087
5.94111
5.94134
5.94158
5.94181
5.94205
5.94228
5.94251
5.94275
5.94298
5.94322
5.94345
5.94369
5.94392
5.94416
5.94439
5.94462
5.94486
5.94509
5.94533
5.94556
5.94579
5.94603
5.94626
5.9465
5.94673
5.94696
5.9472
5.94743
5.94767
5.9479
5.94813
5.94837
5.9486
5.94883
5.94907
5.9493
5.94953
5.94977
5.95
5.95024
5.95047
5.9507
5.95093
5.95117
5.9514
5.95163
5.95187
5.9521
5.95233
5.95257
5.9528
5.95303
5.95327
5.9535
5.95373
5.95396
5.9542
5.95443
5.95466
5.95489
5.95513
5.95536
5.95559
5.95582
5.95606
5.95629
5.95652
5.95675
5.95699
5.95722
5.95745
5.95768
5.95791
5.95815
5.95838
5.95861
5.95884
5.95907
5.95931
5.95954
5.95977
5.96
5.96023
5.96047
5.9607
5.96093
5.96116
5.96139
5.96162
5.96185
5.96209
5.96232
5.96255
5.96278
5.96301
5.96324
5.96347
5.96371
5.96394
5.96417
5.9644
5.96463
5.96486
5.96509
5.96532
5.96555
5.96578
5.96602
5.96625
5.96648
5.96671
5.96694
5.96717
5.9674
5.96763
5.96786
5.96809
5.96832
5.96855
5.96878
5.96901
5.96924
5.96947
5.9697
5.96993
5.97016
5.97039
5.97062
5.97085
5.97108
5.97131
5.97154
5.97177
5.972
5.97223
5.97246
5.97269
5.97292
5.97315
5.97338
5.97361
5.97384
5.97407
5.9743
5.97453
5.97476
5.97499
5.97522
5.97545
5.97568
5.97591
5.97613
5.97636
5.97659
5.97682
5.97705
5.97728
5.97751
5.97774
5.97797
5.9782
5.97842
5.97865
5.97888
5.97911
5.97934
5.97957
5.9798
5.98003
5.98025
5.98048
5.98071
5.98094
5.98117
5.9814
5.98162
5.98185
5.98208
5.98231
5.98254
5.98277
5.98299
5.98322
5.98345
5.98368
5.98391
5.98413
5.98436
5.98459
5.98482
5.98504
5.98527
5.9855
5.98573
5.98596
5.98618
5.98641
5.98664
5.98687
5.98709
5.98732
5.98755
5.98778
5.988
5.98823
5.98846
5.98868
5.98891
5.98914
5.98937
5.98959
5.98982
5.99005
5.99027
5.9905
5.99073
5.99095
5.99118
5.99141
5.99164
5.99186
5.99209
5.99232
5.99254
5.99277
5.99299
5.99322
5.99345
5.99367
5.9939
5.99413
5.99435
5.99458
5.99481
5.99503
5.99526
5.99548
5.99571
5.99594
5.99616
5.99639
5.99661
5.99684
5.99707
5.99729
5.99752
5.99774
5.99797
5.9982
5.99842
5.99865
5.99887
5.9991
5.99932
5.99955
5.99977
6
6.00023
6.00045
6.00068
6.0009
6.00113
6.00135
6.00158
6.0018
6.00203
6.00225
6.00248
6.0027
6.00293
6.00315
6.00338
6.0036
6.00383
6.00405
6.00428
6.0045
6.00473
6.00495
6.00518
6.0054
6.00562
6.00585
6.00607
6.0063
6.00652
6.00675
6.00697
6.0072
6.00742
6.00764
6.00787
6.00809
6.00832
6.00854
6.00876
6.00899
6.00921
6.00944
6.00966
6.00988
6.01011
6.01033
6.01056
6.01078
6.011
6.01123
6.01145
6.01167
6.0119
6.01212
6.01235
6.01257
6.01279
6.01302
6.01324
6.01346
6.01369
6.01391
6.01413
6.01436
6.01458
6.0148
6.01502
6.01525
6.01547
6.01569
6.01592
6.01614
6.01636
6.01659
6.01681
6.01703
6.01725
6.01748
6.0177
6.01792
6.01814
6.01837
6.01859
6.01881
6.01903
6.01926
6.01948
6.0197
6.01992
6.02015
6.02037
6.02059
6.02081
6.02104
6.02126
6.02148
6.0217
6.02192
6.02215
6.02237
6.02259
6.02281
6.02303
6.02326
6.02348
6.0237
6.02392
6.02414
6.02436
6.02459
6.02481
6.02503
6.02525
6.02547
6.02569
6.02591
6.02614
6.02636
6.02658
6.0268
6.02702
6.02724
6.02746
6.02768
6.02791
6.02813
6.02835
6.02857
6.02879
6.02901
6.02923
6.02945
6.02967
6.02989
6.03012
6.03034
6.03056
6.03078
6.031
6.03122
6.03144
6.03166
6.03188
6.0321
6.03232
6.03254
6.03276
6.03298
6.0332
6.03342
6.03364
6.03386
6.03408
6.0343
6.03452
6.03474
6.03496
6.03518
6.0354
6.03562
6.03584
6.03606
6.03628
6.0365
6.03672
6.03694
6.03716
6.03738
6.0376
6.03782
6.03804
6.03826
6.03848
6.0387
6.03892
6.03914
6.03936
6.03958
6.0398
6.04002
6.04023
6.04045
6.04067
6.04089
6.04111
6.04133
6.04155
6.04177
6.04199
6.04221
6.04243
6.04264
6.04286
6.04308
6.0433
6.04352
6.04374
6.04396
6.04418
6.04439
6.04461
6.04483
6.04505
6.04527
6.04549
6.04571
6.04592
6.04614
6.04636
6.04658
6.0468
6.04701
6.04723
6.04745
6.04767
6.04789
6.04811
6.04832
6.04854
6.04876
6.04898
6.0492
6.04941
6.04963
6.04985
6.05007
6.05028
6.0505
6.05072
6.05094
6.05115
6.05137
6.05159
6.05181
6.05202
6.05224
6.05246
6.05268
6.05289
6.05311
6.05333
6.05355
6.05376
6.05398
6.0542
6.05441
6.05463
6.05485
6.05507
6.05528
6.0555
6.05572
6.05593
6.05615
6.05637
6.05658
6.0568
6.05702
6.05723
6.05745
6.05767
6.05788
6.0581
6.05832
6.05853
6.05875
6.05897
6.05918
6.0594
6.05961
6.05983
6.06005
6.06026
6.06048
6.0607
6.06091
6.06113
6.06134
6.06156
6.06178
6.06199
6.06221
6.06242
6.06264
6.06286
6.06307
6.06329
6.0635
6.06372
6.06393
6.06415
6.06437
6.06458
6.0648
6.06501
6.06523
6.06544
6.06566
6.06587
6.06609
6.0663
6.06652
6.06674
6.06695
6.06717
6.06738
6.0676
6.06781
6.06803
6.06824
6.06846
6.06867
6.06889
6.0691
6.06932
6.06953
6.06975
6.06996
6.07017
6.07039
6.0706
6.07082
6.07103
6.07125
6.07146
6.07168
6.07189
6.07211
6.07232
6.07253
6.07275
6.07296
6.07318
6.07339
6.07361
6.07382
6.07403
6.07425
6.07446
6.07468
6.07489
6.0751
6.07532
6.07553
6.07575
6.07596
6.07617
6.07639
6.0766
6.07682
6.07703
6.07724
6.07746
6.07767
6.07788
6.0781
6.07831
6.07852
6.07874
6.07895
6.07916
6.07938
6.07959
6.0798
6.08002
6.08023
6.08044
6.08066
6.08087
6.08108
6.0813
6.08151
6.08172
6.08194
6.08215
6.08236
6.08257
6.08279
6.083
6.08321
6.08343
6.08364
6.08385
6.08406
6.08428
6.08449
6.0847
6.08491
6.08513
6.08534
6.08555
6.08576
6.08598
6.08619
6.0864
6.08661
6.08683
6.08704
6.08725
6.08746
6.08767
6.08789
6.0881
6.08831
6.08852
6.08874
6.08895
6.08916
6.08937
6.08958
6.08979
6.09001
6.09022
6.09043
6.09064
6.09085
6.09107
6.09128
6.09149
6.0917
6.09191
6.09212
6.09233
6.09255
6.09276
6.09297
6.09318
6.09339
6.0936
6.09381
6.09402
6.09424
6.09445
6.09466
6.09487
6.09508
6.09529
6.0955
6.09571
6.09592
6.09614
6.09635
6.09656
6.09677
6.09698
6.09719
6.0974
6.09761
6.09782
6.09803
6.09824
6.09845
6.09866
6.09887
6.09908
6.0993
6.09951
6.09972
6.09993
6.10014
6.10035
6.10056
6.10077
6.10098
6.10119
6.1014
6.10161
6.10182
6.10203
6.10224
6.10245
6.10266
6.10287
6.10308
6.10329
6.1035
6.10371
6.10392
6.10413
6.10434
6.10455
6.10476
6.10497
6.10518
6.10538
6.10559
6.1058
6.10601
6.10622
6.10643
6.10664
6.10685
6.10706
6.10727
6.10748
6.10769
6.1079
6.10811
6.10832
6.10852
6.10873
6.10894
6.10915
6.10936
6.10957
6.10978
6.10999
6.1102
6.11041
6.11061
6.11082
6.11103
6.11124
6.11145
6.11166
6.11187
6.11207
6.11228
6.11249
6.1127
6.11291
6.11312
6.11333
6.11353
6.11374
6.11395
6.11416
6.11437
6.11458
6.11478
6.11499
6.1152
6.11541
6.11562
6.11582
6.11603
6.11624
6.11645
6.11666
6.11686
6.11707
6.11728
6.11749
6.1177
6.1179
6.11811
6.11832
6.11853
6.11873
6.11894
6.11915
6.11936
6.11956
6.11977
6.11998
6.12019
6.12039
6.1206
6.12081
6.12102
6.12122
6.12143
6.12164
6.12184
6.12205
6.12226
6.12247
6.12267
6.12288
6.12309
6.12329
6.1235
6.12371
6.12391
6.12412
6.12433
6.12453
6.12474
6.12495
6.12516
6.12536
6.12557
6.12578
6.12598
6.12619
6.12639
6.1266
6.12681
6.12701
6.12722
6.12743
6.12763
6.12784
6.12805
6.12825
6.12846
6.12866
6.12887
6.12908
6.12928
6.12949
6.1297
6.1299
6.13011
6.13031
6.13052
6.13072
6.13093
6.13114
6.13134
6.13155
6.13175
6.13196
6.13217
6.13237
6.13258
6.13278
6.13299
6.13319
6.1334
6.1336
6.13381
6.13402
6.13422
6.13443
6.13463
6.13484
6.13504
6.13525
6.13545
6.13566
6.13586
6.13607
6.13627
6.13648
6.13668
6.13689
6.13709
6.1373
6.1375
6.13771
6.13791
6.13812
6.13832
6.13853
6.13873
6.13894
6.13914
6.13935
6.13955
6.13976
6.13996
6.14017
6.14037
6.14057
6.14078
6.14098
6.14119
6.14139
6.1416
6.1418
6.142
6.14221
6.14241
6.14262
6.14282
6.14303
6.14323
6.14343
6.14364
6.14384
6.14405
6.14425
6.14445
6.14466
6.14486
6.14507
6.14527
6.14547
6.14568
6.14588
6.14608
6.14629
6.14649
6.1467
6.1469
6.1471
6.14731
6.14751
6.14771
6.14792
6.14812
6.14832
6.14853
6.14873
6.14893
6.14914
6.14934
6.14954
6.14975
6.14995
6.15015
6.15036
6.15056
6.15076
6.15097
6.15117
6.15137
6.15157
6.15178
6.15198
6.15218
6.15239
6.15259
6.15279
6.15299
6.1532
6.1534
6.1536
6.15381
6.15401
6.15421
6.15441
6.15462
6.15482
6.15502
6.15522
6.15543
6.15563
6.15583
6.15603
6.15623
6.15644
6.15664
6.15684
6.15704
6.15725
6.15745
6.15765
6.15785
6.15805
6.15826
6.15846
6.15866
6.15886
6.15906
6.15927
6.15947
6.15967
6.15987
6.16007
6.16027
6.16048
6.16068
6.16088
6.16108
6.16128
6.16148
6.16169
6.16189
6.16209
6.16229
6.16249
6.16269
6.16289
6.1631
6.1633
6.1635
6.1637
6.1639
6.1641
6.1643
6.1645
6.16471
6.16491
6.16511
6.16531
6.16551
6.16571
6.16591
6.16611
6.16631
6.16651
6.16672
6.16692
6.16712
6.16732
6.16752
6.16772
6.16792
6.16812
6.16832
6.16852
6.16872
6.16892
6.16912
6.16932
6.16952
6.16972
6.16993
6.17013
6.17033
6.17053
6.17073
6.17093
6.17113
6.17133
6.17153
6.17173
6.17193
6.17213
6.17233
6.17253
6.17273
6.17293
6.17313
6.17333
6.17353
6.17373
6.17393
6.17413
6.17433
6.17453
6.17473
6.17493
6.17513
6.17532
6.17552
6.17572
6.17592
6.17612
6.17632
6.17652
6.17672
6.17692
6.17712
6.17732
6.17752
6.17772
6.17792
6.17812
6.17832
6.17852
6.17871
6.17891
6.17911
6.17931
6.17951
6.17971
6.17991
6.18011
6.18031
6.18051
6.1807
6.1809
6.1811
6.1813
6.1815
6.1817
6.1819
6.1821
6.1823
6.18249
6.18269
6.18289
6.18309
6.18329
6.18349
6.18369
6.18388
6.18408
6.18428
6.18448
6.18468
6.18488
6.18507
6.18527
6.18547
6.18567
6.18587
6.18606
6.18626
6.18646
6.18666
6.18686
6.18706
6.18725
6.18745
6.18765
6.18785
6.18804
6.18824
6.18844
6.18864
6.18884
6.18903
6.18923
6.18943
6.18963
6.18982
6.19002
6.19022
6.19042
6.19061
6.19081
6.19101
6.19121
6.1914
6.1916
6.1918
6.192
6.19219
6.19239
6.19259
6.19279
6.19298
6.19318
6.19338
6.19357
6.19377
6.19397
6.19417
6.19436
6.19456
6.19476
6.19495
6.19515
6.19535
6.19554
6.19574
6.19594
6.19613
6.19633
6.19653
6.19673
6.19692
6.19712
6.19731
6.19751
6.19771
6.1979
6.1981
6.1983
6.19849
6.19869
6.19889
6.19908
6.19928
6.19948
6.19967
6.19987
6.20006
6.20026
6.20046
6.20065
6.20085
6.20105
6.20124
6.20144
6.20163
6.20183
6.20203
6.20222
6.20242
6.20261
6.20281
6.20301
6.2032
6.2034
6.20359
6.20379
6.20398
6.20418
6.20438
6.20457
6.20477
6.20496
6.20516
6.20535
6.20555
6.20574
6.20594
6.20614
6.20633
6.20653
6.20672
6.20692
6.20711
6.20731
6.2075
6.2077
6.20789
6.20809
6.20828
6.20848
6.20867
6.20887
6.20906
6.20926
6.20945
6.20965
6.20984
6.21004
6.21023
6.21043
6.21062
6.21082
6.21101
6.21121
6.2114
6.2116
6.21179
6.21199
6.21218
6.21237
6.21257
6.21276
6.21296
6.21315
6.21335
6.21354
6.21374
6.21393
6.21412
6.21432
6.21451
6.21471
6.2149
6.2151
6.21529
6.21548
6.21568
6.21587
6.21607
6.21626
6.21645
6.21665
6.21684
6.21704
6.21723
6.21742
6.21762
6.21781
6.21801
6.2182
6.21839
6.21859
6.21878
6.21897
6.21917
6.21936
6.21956
6.21975
6.21994
6.22014
6.22033
6.22052
6.22072
6.22091
6.2211
6.2213
6.22149
6.22168
6.22188
6.22207
6.22226
6.22246
6.22265
6.22284
6.22304
6.22323
6.22342
6.22362
6.22381
6.224
6.22419
6.22439
6.22458
6.22477
6.22497
6.22516
6.22535
6.22554
6.22574
6.22593
6.22612
6.22632
6.22651
6.2267
6.22689
6.22709
6.22728
6.22747
6.22766
6.22786
6.22805
6.22824
6.22843
6.22863
6.22882
6.22901
6.2292
6.2294
6.22959
6.22978
6.22997
6.23016
6.23036
6.23055
6.23074
6.23093
6.23113
6.23132
6.23151
6.2317
6.23189
6.23209
6.23228
6.23247
6.23266
6.23285
6.23304
6.23324
6.23343
6.23362
6.23381
6.234
6.23419
6.23439
6.23458
6.23477
6.23496
6.23515
6.23534
6.23554
6.23573
6.23592
6.23611
6.2363
6.23649
6.23668
6.23688
6.23707
6.23726
6.23745
6.23764
6.23783
6.23802
6.23821
6.2384
6.2386
6.23879
6.23898
6.23917
6.23936
6.23955
6.23974
6.23993
6.24012
6.24031
6.24051
6.2407
6.24089
6.24108
6.24127
6.24146
6.24165
6.24184
6.24203
6.24222
6.24241
6.2426
6.24279
6.24298
6.24317
6.24336
6.24355
6.24375
6.24394
6.24413
6.24432
6.24451
6.2447
6.24489
6.24508
6.24527
6.24546
6.24565
6.24584
6.24603
6.24622
6.24641
6.2466
6.24679
6.24698
6.24717
6.24736
6.24755
6.24774
6.24793
6.24812
6.24831
6.2485
6.24869
6.24888
6.24907
6.24926
6.24945
6.24963
6.24982
6.25001
6.2502
6.25039
6.25058
6.25077
6.25096
6.25115
6.25134
6.25153
6.25172
6.25191
6.2521
6.25229
6.25248
6.25267
6.25285
6.25304
6.25323
6.25342
6.25361
6.2538
6.25399
6.25418
6.25437
6.25456
6.25475
6.25493
6.25512
6.25531
6.2555
6.25569
6.25588
6.25607
6.25626
6.25644
6.25663
6.25682
6.25701
6.2572
6.25739
6.25758
6.25776
6.25795
6.25814
6.25833
6.25852
6.25871
6.2589
6.25908
6.25927
6.25946
6.25965
6.25984
6.26003
6.26021
6.2604
6.26059
6.26078
6.26097
6.26115
6.26134
6.26153
6.26172
6.26191
6.26209
6.26228
6.26247
6.26266
6.26285
6.26303
6.26322
6.26341
6.2636
6.26379
6.26397
6.26416
6.26435
6.26454
6.26472
6.26491
6.2651
6.26529
6.26547
6.26566
6.26585
6.26604
6.26622
6.26641
6.2666
6.26679
6.26697
6.26716
6.26735
6.26754
6.26772
6.26791
6.2681
6.26828
6.26847
6.26866
6.26885
6.26903
6.26922
6.26941
6.26959
6.26978
6.26997
6.27016
6.27034
6.27053
6.27072
6.2709
6.27109
6.27128
6.27146
6.27165
6.27184
6.27202
6.27221
6.2724
6.27258
6.27277
6.27296
6.27314
6.27333
6.27352
6.2737
6.27389
6.27408
6.27426
6.27445
6.27463
6.27482
6.27501
6.27519
6.27538
6.27557
6.27575
6.27594
6.27612
6.27631
6.2765
6.27668
6.27687
6.27705
6.27724
6.27743
6.27761
6.2778
6.27798
6.27817
6.27836
6.27854
6.27873
6.27891
6.2791
6.27929
6.27947
6.27966
6.27984
6.28003
6.28021
6.2804
6.28059
6.28077
6.28096
6.28114
6.28133
6.28151
6.2817
6.28188
6.28207
6.28225
6.28244
6.28263
6.28281
6.283
6.28318
6.28337
6.28355
6.28374
6.28392
6.28411
6.28429
6.28448
6.28466
6.28485
6.28503
6.28522
6.2854
6.28559
6.28577
6.28596
6.28614
6.28633
6.28651
6.2867
6.28688
6.28707
6.28725
6.28744
6.28762
6.2878
6.28799
6.28817
6.28836
6.28854
6.28873
6.28891
6.2891
6.28928
6.28947
6.28965
6.28983
6.29002
6.2902
6.29039
6.29057
6.29076
6.29094
6.29112
6.29131
6.29149
6.29168
6.29186
6.29205
6.29223
6.29241
6.2926
6.29278
6.29297
6.29315
6.29333
6.29352
6.2937
6.29389
6.29407
6.29425
6.29444
6.29462
6.2948
6.29499
6.29517
6.29536
6.29554
6.29572
6.29591
6.29609
6.29627
6.29646
6.29664
6.29682
6.29701
6.29719
6.29737
6.29756
6.29774
6.29793
6.29811
6.29829
6.29848
6.29866
6.29884
6.29902
6.29921
6.29939
6.29957
6.29976
6.29994
6.30012
6.30031
6.30049
6.30067
6.30086
6.30104
6.30122
6.3014
6.30159
6.30177
6.30195
6.30214
6.30232
6.3025
6.30268
6.30287
6.30305
6.30323
6.30342
6.3036
6.30378
6.30396
6.30415
6.30433
6.30451
6.30469
6.30488
6.30506
6.30524
6.30542
6.30561
6.30579
6.30597
6.30615
6.30634
6.30652
6.3067
6.30688
6.30706
6.30725
6.30743
6.30761
6.30779
6.30797
6.30816
6.30834
6.30852
6.3087
6.30889
6.30907
6.30925
6.30943
6.30961
6.30979
6.30998
6.31016
6.31034
6.31052
6.3107
6.31089
6.31107
6.31125
6.31143
6.31161
6.31179
6.31198
6.31216
6.31234
6.31252
6.3127
6.31288
6.31306
6.31325
6.31343
6.31361
6.31379
6.31397
6.31415
6.31433
6.31452
6.3147
6.31488
6.31506
6.31524
6.31542
6.3156
6.31578
6.31596
6.31615
6.31633
6.31651
6.31669
6.31687
6.31705
6.31723
6.31741
6.31759
6.31777
6.31796
6.31814
6.31832
6.3185
6.31868
6.31886
6.31904
6.31922
6.3194
6.31958
6.31976
6.31994
6.32012
6.3203
6.32048
6.32067
6.32085
6.32103
6.32121
6.32139
6.32157
6.32175
6.32193
6.32211
6.32229
6.32247
6.32265
6.32283
6.32301
6.32319
6.32337
6.32355
6.32373
6.32391
6.32409
6.32427
6.32445
6.32463
6.32481
6.32499
6.32517
6.32535
6.32553
6.32571
6.32589
6.32607
6.32625
6.32643
6.32661
6.32679
6.32697
6.32715
6.32733
6.32751
6.32769
6.32787
6.32805
6.32823
6.32841
6.32859
6.32876
6.32894
6.32912
6.3293
6.32948
6.32966
6.32984
6.33002
6.3302
6.33038
6.33056
6.33074
6.33092
6.3311
6.33128
6.33145
6.33163
6.33181
6.33199
6.33217
6.33235
6.33253
6.33271
6.33289
6.33307
6.33324
6.33342
6.3336
6.33378
6.33396
6.33414
6.33432
6.3345
6.33468
6.33485
6.33503
6.33521
6.33539
6.33557
6.33575
6.33593
6.3361
6.33628
6.33646
6.33664
6.33682
6.337
6.33718
6.33735
6.33753
6.33771
6.33789
6.33807
6.33825
6.33842
6.3386
6.33878
6.33896
6.33914
6.33932
6.33949
6.33967
6.33985
6.34003
6.34021
6.34038
6.34056
6.34074
6.34092
6.3411
6.34127
6.34145
6.34163
6.34181
6.34199
6.34216
6.34234
6.34252
6.3427
6.34287
6.34305
6.34323
6.34341
6.34359
6.34376
6.34394
6.34412
6.3443
6.34447
6.34465
6.34483
6.34501
6.34518
6.34536
6.34554
6.34572
6.34589
6.34607
6.34625
6.34643
6.3466
6.34678
6.34696
6.34713
6.34731
6.34749
6.34767
6.34784
6.34802
6.3482
6.34837
6.34855
6.34873
6.34891
6.34908
6.34926
6.34944
6.34961
6.34979
6.34997
6.35014
6.35032
6.3505
6.35067
6.35085
6.35103
6.3512
6.35138
6.35156
6.35173
6.35191
6.35209
6.35226
6.35244
6.35262
6.35279
6.35297
6.35315
6.35332
6.3535
6.35368
6.35385
6.35403
6.35421
6.35438
6.35456
6.35473
6.35491
6.35509
6.35526
6.35544
6.35562
6.35579
6.35597
6.35614
6.35632
6.3565
6.35667
6.35685
6.35702
6.3572
6.35738
6.35755
6.35773
6.3579
6.35808
6.35826
6.35843
6.35861
6.35878
6.35896
6.35913
6.35931
6.35949
6.35966
6.35984
6.36001
6.36019
6.36036
6.36054
6.36072
6.36089
6.36107
6.36124
6.36142
6.36159
6.36177
6.36194
6.36212
6.36229
6.36247
6.36265
6.36282
6.363
6.36317
6.36335
6.36352
6.3637
6.36387
6.36405
6.36422
6.3644
6.36457
6.36475
6.36492
6.3651
6.36527
6.36545
6.36562
6.3658
6.36597
6.36615
6.36632
6.3665
6.36667
6.36685
6.36702
6.3672
6.36737
6.36755
6.36772
6.3679
6.36807
6.36824
6.36842
6.36859
6.36877
6.36894
6.36912
6.36929
6.36947
6.36964
6.36982
6.36999
6.37016
6.37034
6.37051
6.37069
6.37086
6.37104
6.37121
6.37138
6.37156
6.37173
6.37191
6.37208
6.37226
6.37243
6.3726
6.37278
6.37295
6.37313
6.3733
6.37347
6.37365
6.37382
6.374
6.37417
6.37434
6.37452
6.37469
6.37487
6.37504
6.37521
6.37539
6.37556
6.37573
6.37591
6.37608
6.37626
6.37643
6.3766
6.37678
6.37695
6.37712
6.3773
6.37747
6.37764
6.37782
6.37799
6.37816
6.37834
6.37851
6.37869
6.37886
6.37903
6.37921
6.37938
6.37955
6.37972
6.3799
6.38007
6.38024
6.38042
6.38059
6.38076
6.38094
6.38111
6.38128
6.38146
6.38163
6.3818
6.38198
6.38215
6.38232
6.38249
6.38267
6.38284
6.38301
6.38319
6.38336
6.38353
6.3837
6.38388
6.38405
6.38422
6.3844
6.38457
6.38474
6.38491
6.38509
6.38526
6.38543
6.3856
6.38578
6.38595
6.38612
6.38629
6.38647
6.38664
6.38681
6.38698
6.38716
6.38733
6.3875
6.38767
6.38785
6.38802
6.38819
6.38836
6.38853
6.38871
6.38888
6.38905
6.38922
6.38939
6.38957
6.38974
6.38991
6.39008
6.39025
6.39043
6.3906
6.39077
6.39094
6.39111
6.39129
6.39146
6.39163
6.3918
6.39197
6.39215
6.39232
6.39249
6.39266
6.39283
6.393
6.39318
6.39335
6.39352
6.39369
6.39386
6.39403
6.39421
6.39438
6.39455
6.39472
6.39489
6.39506
6.39523
6.39541
6.39558
6.39575
6.39592
6.39609
6.39626
6.39643
6.3966
6.39678
6.39695
6.39712
6.39729
6.39746
6.39763
6.3978
6.39797
6.39815
6.39832
6.39849
6.39866
6.39883
6.399
6.39917
6.39934
6.39951
6.39968
6.39985
6.40003
6.4002
6.40037
6.40054
6.40071
6.40088
6.40105
6.40122
6.40139
6.40156
6.40173
6.4019
6.40207
6.40224
6.40242
6.40259
6.40276
6.40293
6.4031
6.40327
6.40344
6.40361
6.40378
6.40395
6.40412
6.40429
6.40446
6.40463
6.4048
6.40497
6.40514
6.40531
6.40548
6.40565
6.40582
6.40599
6.40616
6.40633
6.4065
6.40667
6.40684
6.40701
6.40718
6.40735
6.40752
6.40769
6.40786
6.40803
6.4082
6.40837
6.40854
6.40871
6.40888
6.40905
6.40922
6.40939
6.40956
6.40973
6.4099
6.41007
6.41024
6.41041
6.41058
6.41075
6.41092
6.41109
6.41126
6.41143
6.4116
6.41177
6.41193
6.4121
6.41227
6.41244
6.41261
6.41278
6.41295
6.41312
6.41329
6.41346
6.41363
6.4138
6.41397
6.41414
6.4143
6.41447
6.41464
6.41481
6.41498
6.41515
6.41532
6.41549
6.41566
6.41583
6.416
6.41616
6.41633
6.4165
6.41667
6.41684
6.41701
6.41718
6.41735
6.41752
6.41768
6.41785
6.41802
6.41819
6.41836
6.41853
6.4187
6.41886
6.41903
6.4192
6.41937
6.41954
6.41971
6.41988
6.42004
6.42021
6.42038
6.42055
6.42072
6.42089
6.42105
6.42122
6.42139
6.42156
6.42173
6.4219
6.42206
6.42223
6.4224
6.42257
6.42274
6.42291
6.42307
6.42324
6.42341
6.42358
6.42375
6.42391
6.42408
6.42425
6.42442
6.42459
6.42475
6.42492
6.42509
6.42526
6.42543
6.42559
6.42576
6.42593
6.4261
6.42626
6.42643
6.4266
6.42677
6.42694
6.4271
6.42727
6.42744
6.42761
6.42777
6.42794
6.42811
6.42828
6.42844
6.42861
6.42878
6.42895
6.42911
6.42928
6.42945
6.42962
6.42978
6.42995
6.43012
6.43029
6.43045
6.43062
6.43079
6.43095
6.43112
6.43129
6.43146
6.43162
6.43179
6.43196
6.43212
6.43229
6.43246
6.43263
6.43279
6.43296
6.43313
6.43329
6.43346
6.43363
6.43379
6.43396
6.43413
6.43429
6.43446
6.43463
6.4348
6.43496
6.43513
6.4353
6.43546
6.43563
6.4358
6.43596
6.43613
6.4363
6.43646
6.43663
6.43679
6.43696
6.43713
6.43729
6.43746
6.43763
6.43779
6.43796
6.43813
6.43829
6.43846
6.43863
6.43879
6.43896
6.43912
6.43929
6.43946
6.43962
6.43979
6.43996
6.44012
6.44029
6.44045
6.44062
6.44079
6.44095
6.44112
6.44128
6.44145
6.44162
6.44178
6.44195
6.44211
6.44228
6.44245
6.44261
6.44278
6.44294
6.44311
6.44328
6.44344
6.44361
6.44377
6.44394
6.4441
6.44427
6.44444
6.4446
6.44477
6.44493
6.4451
6.44526
6.44543
6.44559
6.44576
6.44593
6.44609
6.44626
6.44642
6.44659
6.44675
6.44692
6.44708
6.44725
6.44741
6.44758
6.44774
6.44791
6.44807
6.44824
6.44841
6.44857
6.44874
6.4489
6.44907
6.44923
6.4494
6.44956
6.44973
6.44989
6.45006
6.45022
6.45039
6.45055
6.45072
6.45088
6.45105
6.45121
6.45138
6.45154
6.45171
6.45187
6.45204
6.4522
6.45236
6.45253
6.45269
6.45286
6.45302
6.45319
6.45335
6.45352
6.45368
6.45385
6.45401
6.45418
6.45434
6.4545
6.45467
6.45483
6.455
6.45516
6.45533
6.45549
6.45566
6.45582
6.45598
6.45615
6.45631
6.45648
6.45664
6.45681
6.45697
6.45713
6.4573
6.45746
6.45763
6.45779
6.45796
6.45812
6.45828
6.45845
6.45861
6.45878
6.45894
6.4591
6.45927
6.45943
6.4596
6.45976
6.45992
6.46009
6.46025
6.46041
6.46058
6.46074
6.46091
6.46107
6.46123
6.4614
6.46156
6.46172
6.46189
6.46205
6.46222
6.46238
6.46254
6.46271
6.46287
6.46303
6.4632
6.46336
6.46352
6.46369
6.46385
6.46401
6.46418
6.46434
6.4645
6.46467
6.46483
6.46499
6.46516
6.46532
6.46548
6.46565
6.46581
6.46597
6.46614
6.4663
6.46646
6.46663
6.46679
6.46695
6.46712
6.46728
6.46744
6.46761
6.46777
6.46793
6.46809
6.46826
6.46842
6.46858
6.46875
6.46891
6.46907
6.46923
6.4694
6.46956
6.46972
6.46989
6.47005
6.47021
6.47037
6.47054
6.4707
6.47086
6.47102
6.47119
6.47135
6.47151
6.47168
6.47184
6.472
6.47216
6.47233
6.47249
6.47265
6.47281
6.47298
6.47314
6.4733
6.47346
6.47362
6.47379
6.47395
6.47411
6.47427
6.47444
6.4746
6.47476
6.47492
6.47508
6.47525
6.47541
6.47557
6.47573
6.4759
6.47606
6.47622
6.47638
6.47654
6.47671
6.47687
6.47703
6.47719
6.47735
6.47752
6.47768
6.47784
6.478
6.47816
6.47832
6.47849
6.47865
6.47881
6.47897
6.47913
6.4793
6.47946
6.47962
6.47978
6.47994
6.4801
6.48027
6.48043
6.48059
6.48075
6.48091
6.48107
6.48123
6.4814
6.48156
6.48172
6.48188
6.48204
6.4822
6.48236
6.48253
6.48269
6.48285
6.48301
6.48317
6.48333
6.48349
6.48365
6.48382
6.48398
6.48414
6.4843
6.48446
6.48462
6.48478
6.48494
6.4851
6.48527
6.48543
6.48559
6.48575
6.48591
6.48607
6.48623
6.48639
6.48655
6.48671
6.48688
6.48704
6.4872
6.48736
6.48752
6.48768
6.48784
6.488
6.48816
6.48832
6.48848
6.48864
6.4888
6.48896
6.48913
6.48929
6.48945
6.48961
6.48977
6.48993
6.49009
6.49025
6.49041
6.49057
6.49073
6.49089
6.49105
6.49121
6.49137
6.49153
6.49169
6.49185
6.49201
6.49217
6.49233
6.49249
6.49265
6.49281
6.49297
6.49313
6.4933
6.49346
6.49362
6.49378
6.49394
6.4941
6.49426
6.49442
6.49458
6.49474
6.4949
6.49506
6.49522
6.49538
6.49554
6.4957
6.49586
6.49601
6.49617
6.49633
6.49649
6.49665
6.49681
6.49697
6.49713
6.49729
6.49745
6.49761
6.49777
6.49793
6.49809
6.49825
6.49841
6.49857
6.49873
6.49889
6.49905
6.49921
6.49937
6.49953
6.49969
6.49985
6.50001
6.50016
6.50032
6.50048
6.50064
6.5008
6.50096
6.50112
6.50128
6.50144
6.5016
6.50176
6.50192
6.50208
6.50224
6.50239
6.50255
6.50271
6.50287
6.50303
6.50319
6.50335
6.50351
6.50367
6.50383
6.50398
6.50414
6.5043
6.50446
6.50462
6.50478
6.50494
6.5051
6.50526
6.50541
6.50557
6.50573
6.50589
6.50605
6.50621
6.50637
6.50653
6.50668
6.50684
6.507
6.50716
6.50732
6.50748
6.50764
6.50779
6.50795
6.50811
6.50827
6.50843
6.50859
6.50875
6.5089
6.50906
6.50922
6.50938
6.50954
6.5097
6.50985
6.51001
6.51017
6.51033
6.51049
6.51065
6.5108
6.51096
6.51112
6.51128
6.51144
6.51159
6.51175
6.51191
6.51207
6.51223
6.51238
6.51254
6.5127
6.51286
6.51302
6.51317
6.51333
6.51349
6.51365
6.51381
6.51396
6.51412
6.51428
6.51444
6.5146
6.51475
6.51491
6.51507
6.51523
6.51538
6.51554
6.5157
6.51586
6.51602
6.51617
6.51633
6.51649
6.51665
6.5168
6.51696
6.51712
6.51728
6.51743
6.51759
6.51775
6.51791
6.51806
6.51822
6.51838
6.51854
6.51869
6.51885
6.51901
6.51916
6.51932
6.51948
6.51964
6.51979
6.51995
6.52011
6.52027
6.52042
6.52058
6.52074
6.52089
6.52105
6.52121
6.52136
6.52152
6.52168
6.52184
6.52199
6.52215
6.52231
6.52246
6.52262
6.52278
6.52293
6.52309
6.52325
6.52341
6.52356
6.52372
6.52388
6.52403
6.52419
6.52435
6.5245
6.52466
6.52482
6.52497
6.52513
6.52529
6.52544
6.5256
6.52576
6.52591
6.52607
6.52623
6.52638
6.52654
6.52669
6.52685
6.52701
6.52716
6.52732
6.52748
6.52763
6.52779
6.52795
6.5281
6.52826
6.52842
6.52857
6.52873
6.52888
6.52904
6.5292
6.52935
6.52951
6.52966
6.52982
6.52998
6.53013
6.53029
6.53045
6.5306
6.53076
6.53091
6.53107
6.53123
6.53138
6.53154
6.53169
6.53185
6.53201
6.53216
6.53232
6.53247
6.53263
6.53278
6.53294
6.5331
6.53325
6.53341
6.53356
6.53372
6.53387
6.53403
6.53419
6.53434
6.5345
6.53465
6.53481
6.53496
6.53512
6.53528
6.53543
6.53559
6.53574
6.5359
6.53605
6.53621
6.53636
6.53652
6.53667
6.53683
6.53699
6.53714
6.5373
6.53745
6.53761
6.53776
6.53792
6.53807
6.53823
6.53838
6.53854
6.53869
6.53885
6.539
6.53916
6.53931
6.53947
6.53962
6.53978
6.53993
6.54009
6.54024
6.5404
6.54055
6.54071
6.54086
6.54102
6.54117
6.54133
6.54148
6.54164
6.54179
6.54195
6.5421
6.54226
6.54241
6.54257
6.54272
6.54288
6.54303
6.54319
6.54334
6.5435
6.54365
6.54381
6.54396
6.54411
6.54427
6.54442
6.54458
6.54473
6.54489
6.54504
6.5452
6.54535
6.54551
6.54566
6.54581
6.54597
6.54612
6.54628
6.54643
6.54659
6.54674
6.54689
6.54705
6.5472
6.54736
6.54751
6.54767
6.54782
6.54797
6.54813
6.54828
6.54844
6.54859
6.54874
6.5489
6.54905
6.54921
6.54936
6.54952
6.54967
6.54982
6.54998
6.55013
6.55029
6.55044
6.55059
6.55075
6.5509
6.55105
6.55121
6.55136
6.55152
6.55167
6.55182
6.55198
6.55213
6.55228
6.55244
6.55259
6.55275
6.5529
6.55305
6.55321
6.55336
6.55351
6.55367
6.55382
6.55397
6.55413
6.55428
6.55444
6.55459
6.55474
6.5549
6.55505
6.5552
6.55536
6.55551
6.55566
6.55582
6.55597
6.55612
6.55628
6.55643
6.55658
6.55674
6.55689
6.55704
6.5572
6.55735
6.5575
6.55766
6.55781
6.55796
6.55811
6.55827
6.55842
6.55857
6.55873
6.55888
6.55903
6.55919
6.55934
6.55949
6.55964
6.5598
6.55995
6.5601
6.56026
6.56041
6.56056
6.56071
6.56087
6.56102
6.56117
6.56133
6.56148
6.56163
6.56178
6.56194
6.56209
6.56224
6.5624
6.56255
6.5627
6.56285
6.56301
6.56316
6.56331
6.56346
6.56362
6.56377
6.56392
6.56407
6.56423
6.56438
6.56453
6.56468
6.56484
6.56499
6.56514
6.56529
6.56544
6.5656
6.56575
6.5659
6.56605
6.56621
6.56636
6.56651
6.56666
6.56682
6.56697
6.56712
6.56727
6.56742
6.56758
6.56773
6.56788
6.56803
6.56818
6.56834
6.56849
6.56864
6.56879
6.56894
6.5691
6.56925
6.5694
6.56955
6.5697
6.56986
6.57001
6.57016
6.57031
6.57046
6.57061
6.57077
6.57092
6.57107
6.57122
6.57137
6.57153
6.57168
6.57183
6.57198
6.57213
6.57228
6.57243
6.57259
6.57274
6.57289
6.57304
6.57319
6.57334
6.5735
6.57365
6.5738
6.57395
6.5741
6.57425
6.5744
6.57456
6.57471
6.57486
6.57501
6.57516
6.57531
6.57546
6.57561
6.57577
6.57592
6.57607
6.57622
6.57637
6.57652
6.57667
6.57682
6.57698
6.57713
6.57728
6.57743
6.57758
6.57773
6.57788
6.57803
6.57818
6.57833
6.57849
6.57864
6.57879
6.57894
6.57909
6.57924
6.57939
6.57954
6.57969
6.57984
6.57999
6.58015
6.5803
6.58045
6.5806
6.58075
6.5809
6.58105
6.5812
6.58135
6.5815
6.58165
6.5818
6.58195
6.5821
6.58225
6.58241
6.58256
6.58271
6.58286
6.58301
6.58316
6.58331
6.58346
6.58361
6.58376
6.58391
6.58406
6.58421
6.58436
6.58451
6.58466
6.58481
6.58496
6.58511
6.58526
6.58541
6.58556
6.58571
6.58586
6.58601
6.58616
6.58631
6.58646
6.58661
6.58676
6.58691
6.58706
6.58721
6.58736
6.58752
6.58767
6.58782
6.58796
6.58811
6.58826
6.58841
6.58856
6.58871
6.58886
6.58901
6.58916
6.58931
6.58946
6.58961
6.58976
6.58991
6.59006
6.59021
6.59036
6.59051
6.59066
6.59081
6.59096
6.59111
6.59126
6.59141
6.59156
6.59171
6.59186
6.59201
6.59216
6.59231
6.59246
6.59261
6.59276
6.59291
6.59305
6.5932
6.59335
6.5935
6.59365
6.5938
6.59395
6.5941
6.59425
6.5944
6.59455
6.5947
6.59485
6.595
6.59515
6.59529
6.59544
6.59559
6.59574
6.59589
6.59604
6.59619
6.59634
6.59649
6.59664
6.59679
6.59694
6.59708
6.59723
6.59738
6.59753
6.59768
6.59783
6.59798
6.59813
6.59828
6.59842
6.59857
6.59872
6.59887
6.59902
6.59917
6.59932
6.59947
6.59962
6.59976
6.59991
6.60006
6.60021
6.60036
6.60051
6.60066
6.6008
6.60095
6.6011
6.60125
6.6014
6.60155
6.6017
6.60185
6.60199
6.60214
6.60229
6.60244
6.60259
6.60274
6.60288
6.60303
6.60318
6.60333
6.60348
6.60363
6.60377
6.60392
6.60407
6.60422
6.60437
6.60452
6.60466
6.60481
6.60496
6.60511
6.60526
6.60541
6.60555
6.6057
6.60585
6.606
6.60615
6.60629
6.60644
6.60659
6.60674
6.60689
6.60703
6.60718
6.60733
6.60748
6.60763
6.60777
6.60792
6.60807
6.60822
6.60837
6.60851
6.60866
6.60881
6.60896
6.6091
6.60925
6.6094
6.60955
6.6097
6.60984
6.60999
6.61014
6.61029
6.61043
6.61058
6.61073
6.61088
6.61102
6.61117
6.61132
6.61147
6.61162
6.61176
6.61191
6.61206
6.61221
6.61235
6.6125
6.61265
6.61279
6.61294
6.61309
6.61324
6.61338
6.61353
6.61368
6.61383
6.61397
6.61412
6.61427
6.61442
6.61456
6.61471
6.61486
6.615
6.61515
6.6153
6.61545
6.61559
6.61574
6.61589
6.61603
6.61618
6.61633
6.61648
6.61662
6.61677
6.61692
6.61706
6.61721
6.61736
6.6175
6.61765
6.6178
6.61794
6.61809
6.61824
6.61839
6.61853
6.61868
6.61883
6.61897
6.61912
6.61927
6.61941
6.61956
6.61971
6.61985
6.62
6.62015
6.62029
6.62044
6.62059
6.62073
6.62088
6.62103
6.62117
6.62132
6.62147
6.62161
6.62176
6.62191
6.62205
6.6222
6.62234
6.62249
6.62264
6.62278
6.62293
6.62308
6.62322
6.62337
6.62352
6.62366
6.62381
6.62395
6.6241
6.62425
6.62439
6.62454
6.62469
6.62483
6.62498
6.62512
6.62527
6.62542
6.62556
6.62571
6.62585
6.626
6.62615
6.62629
6.62644
6.62659
6.62673
6.62688
6.62702
6.62717
6.62732
6.62746
6.62761
6.62775
6.6279
6.62804
6.62819
6.62834
6.62848
6.62863
6.62877
6.62892
6.62907
6.62921
6.62936
6.6295
6.62965
6.62979
6.62994
6.63009
6.63023
6.63038
6.63052
6.63067
6.63081
6.63096
6.6311
6.63125
6.6314
6.63154
6.63169
6.63183
6.63198
6.63212
6.63227
6.63241
6.63256
6.6327
6.63285
6.633
6.63314
6.63329
6.63343
6.63358
6.63372
6.63387
6.63401
6.63416
6.6343
6.63445
6.63459
6.63474
6.63488
6.63503
6.63517
6.63532
6.63546
6.63561
6.63575
6.6359
6.63604
6.63619
6.63633
6.63648
6.63662
6.63677
6.63691
6.63706
6.6372
6.63735
6.63749
6.63764
6.63778
6.63793
6.63807
6.63822
6.63836
6.63851
6.63865
6.6388
6.63894
6.63909
6.63923
6.63938
6.63952
6.63967
6.63981
6.63996
6.6401
6.64024
6.64039
6.64053
6.64068
6.64082
6.64097
6.64111
6.64126
6.6414
6.64155
6.64169
6.64184
6.64198
6.64212
6.64227
6.64241
6.64256
6.6427
6.64285
6.64299
6.64313
6.64328
6.64342
6.64357
6.64371
