0.14
0.14
0.46
0.14
0.3
0.46
0.06
0.14
0.22
0.3
0.38
0.46
0.02
0.06
0.1
0.14
0.18
0.22
0.26
0.3
0.34
0.38
0.42
0.46
1.11022e-16
0.02
0.04
0.06
0.08
0.1
0.12
0.14
0.16
0.18
0.2
0.22
0.24
0.26
0.28
0.3
0.32
0.34
0.36
0.38
0.4
0.42
0.44
0.46
0.48
2.22045e-16
0.01
0.02
0.03
0.04
0.05
0.06
0.07
0.08
0.09
0.1
0.11
0.12
0.13
0.14
0.15
0.16
0.17
0.18
0.19
0.2
0.21
0.22
0.23
0.24
0.25
0.26
0.27
0.28
0.29
0.3
0.31
0.32
0.33
0.34
0.35
0.36
0.37
0.38
0.39
0.4
0.41
0.42
0.43
0.44
0.45
0.46
0.47
0.48
0.49
3.33067e-16
0.005
0.01
0.015
0.02
0.025
0.03
0.035
0.04
0.045
0.05
0.055
0.06
0.065
0.07
0.075
0.08
0.085
0.09
0.095
0.1
0.105
0.11
0.115
0.12
0.125
0.13
0.135
0.14
0.145
0.15
0.155
0.16
0.165
0.17
0.175
0.18
0.185
0.19
0.195
0.2
0.205
0.21
0.215
0.22
0.225
0.23
0.235
0.24
0.245
0.25
0.255
0.26
0.265
0.27
0.275
0.28
0.285
0.29
0.295
0.3
0.305
0.31
0.315
0.32
0.325
0.33
0.335
0.34
0.345
0.35
0.355
0.36
0.365
0.37
0.375
0.38
0.385
0.39
0.395
0.4
0.405
0.41
0.415
0.42
0.425
0.43
0.435
0.44
0.445
0.45
0.455
0.46
0.465
0.47
0.475
0.48
0.485
0.49
0.495
3.33067e-16
0.0025
0.005
0.0075
0.01
0.0125
0.015
0.0175
0.02
0.0225
0.025
0.0275
0.03
0.0325
0.035
0.0375
0.04
0.0425
0.045
0.0475
0.05
0.0525
0.055
0.0575
0.06
0.0625
0.065
0.0675
0.07
0.0725
0.075
0.0775
0.08
0.0825
0.085
0.0875
0.09
0.0925
0.095
0.0975
0.1
0.1025
0.105
0.1075
0.11
0.1125
0.115
0.1175
0.12
0.1225
0.125
0.1275
0.13
0.1325
0.135
0.1375
0.14
0.1425
0.145
0.1475
0.15
0.1525
0.155
0.1575
0.16
0.1625
0.165
0.1675
0.17
0.1725
0.175
0.1775
0.18
0.1825
0.185
0.1875
0.19
0.1925
0.195
0.1975
0.2
0.2025
0.205
0.2075
0.21
0.2125
0.215
0.2175
0.22
0.2225
0.225
0.2275
0.23
0.2325
0.235
0.2375
0.24
0.2425
0.245
0.2475
0.25
0.2525
0.255
0.2575
0.26
0.2625
0.265
0.2675
0.27
0.2725
0.275
0.2775
0.28
0.2825
0.285
0.2875
0.29
0.2925
0.295
0.2975
0.3
0.3025
0.305
0.3075
0.31
0.3125
0.315
0.3175
0.32
0.3225
0.325
0.3275
0.33
0.3325
0.335
0.3375
0.34
0.3425
0.345
0.3475
0.35
0.3525
0.355
0.3575
0.36
0.3625
0.365
0.3675
0.37
0.3725
0.375
0.3775
0.38
0.3825
0.385
0.3875
0.39
0.3925
0.395
0.3975
0.4
0.4025
0.405
0.4075
0.41
0.4125
0.415
0.4175
0.42
0.4225
0.425
0.4275
0.43
0.4325
0.435
0.4375
0.44
0.4425
0.445
0.4475
0.45
0.4525
0.455
0.4575
0.46
0.4625
0.465
0.4675
0.47
0.4725
0.475
0.4775
0.48
0.4825
0.485
0.4875
0.49
0.4925
0.495
0.4975
0.5
0.00125
0.0025
0.00375
0.005
0.00625
0.0075
0.00875
0.01
0.01125
0.0125
0.01375
0.015
0.01625
0.0175
0.01875
0.02
0.02125
0.0225
0.02375
0.025
0.02625
0.0275
0.02875
0.03
0.03125
0.0325
0.03375
0.035
0.03625
0.0375
0.03875
0.04
0.04125
0.0425
0.04375
0.045
0.04625
0.0475
0.04875
0.05
0.05125
0.0525
0.05375
0.055
0.05625
0.0575
0.05875
0.06
0.06125
0.0625
0.06375
0.065
0.06625
0.0675
0.06875
0.07
0.07125
0.0725
0.07375
0.075
0.07625
0.0775
0.07875
0.08
0.08125
0.0825
0.08375
0.085
0.08625
0.0875
0.08875
0.09
0.09125
0.0925
0.09375
0.095
0.09625
0.0975
0.09875
0.1
0.10125
0.1025
0.10375
0.105
0.10625
0.1075
0.10875
0.11
0.11125
0.1125
0.11375
0.115
0.11625
0.1175
0.11875
0.12
0.12125
0.1225
0.12375
0.125
0.12625
0.1275
0.12875
0.13
0.13125
0.1325
0.13375
0.135
0.13625
0.1375
0.13875
0.14
0.14125
0.1425
0.14375
0.145
0.14625
0.1475
0.14875
0.15
0.15125
0.1525
0.15375
0.155
0.15625
0.1575
0.15875
0.16
0.16125
0.1625
0.16375
0.165
0.16625
0.1675
0.16875
0.17
0.17125
0.1725
0.17375
0.175
0.17625
0.1775
0.17875
0.18
0.18125
0.1825
0.18375
0.185
0.18625
0.1875
0.18875
0.19
0.19125
0.1925
0.19375
0.195
0.19625
0.1975
0.19875
0.2
0.20125
0.2025
0.20375
0.205
0.20625
0.2075
0.20875
0.21
0.21125
0.2125
0.21375
0.215
0.21625
0.2175
0.21875
0.22
0.22125
0.2225
0.22375
0.225
0.22625
0.2275
0.22875
0.23
0.23125
0.2325
0.23375
0.235
0.23625
0.2375
0.23875
0.24
0.24125
0.2425
0.24375
0.245
0.24625
0.2475
0.24875
0.25
0.25125
0.2525
0.25375
0.255
0.25625
0.2575
0.25875
0.26
0.26125
0.2625
0.26375
0.265
0.26625
0.2675
0.26875
0.27
0.27125
0.2725
0.27375
0.275
0.27625
0.2775
0.27875
0.28
0.28125
0.2825
0.28375
0.285
0.28625
0.2875
0.28875
0.29
0.29125
0.2925
0.29375
0.295
0.29625
0.2975
0.29875
0.3
0.30125
0.3025
0.30375
0.305
0.30625
0.3075
0.30875
0.31
0.31125
0.3125
0.31375
0.315
0.31625
0.3175
0.31875
0.32
0.32125
0.3225
0.32375
0.325
0.32625
0.3275
0.32875
0.33
0.33125
0.3325
0.33375
0.335
0.33625
0.3375
0.33875
0.34
0.34125
0.3425
0.34375
0.345
0.34625
0.3475
0.34875
0.35
0.35125
0.3525
0.35375
0.355
0.35625
0.3575
0.35875
0.36
0.36125
0.3625
0.36375
0.365
0.36625
0.3675
0.36875
0.37
0.37125
0.3725
0.37375
0.375
0.37625
0.3775
0.37875
0.38
0.38125
0.3825
0.38375
0.385
0.38625
0.3875
0.38875
0.39
0.39125
0.3925
0.39375
0.395
0.39625
0.3975
0.39875
0.4
0.40125
0.4025
0.40375
0.405
0.40625
0.4075
0.40875
0.41
0.41125
0.4125
0.41375
0.415
0.41625
0.4175
0.41875
0.42
0.42125
0.4225
0.42375
0.425
0.42625
0.4275
0.42875
0.43
0.43125
0.4325
0.43375
0.435
0.43625
0.4375
0.43875
0.44
0.44125
0.4425
0.44375
0.445
0.44625
0.4475
0.44875
0.45
0.45125
0.4525
0.45375
0.455
0.45625
0.4575
0.45875
0.46
0.46125
0.4625
0.46375
0.465
0.46625
0.4675
0.46875
0.47
0.47125
0.4725
0.47375
0.475
0.47625
0.4775
0.47875
0.48
0.48125
0.4825
0.48375
0.485
0.48625
0.4875
0.48875
0.49
0.49125
0.4925
0.49375
0.495
0.49625
0.4975
0.49875
0.5
0.000625
0.00125
0.001875
0.0025
0.003125
0.00375
0.004375
0.005
0.005625
0.00625
0.006875
0.0075
0.008125
0.00875
0.009375
0.01
0.010625
0.01125
0.011875
0.0125
0.013125
0.01375
0.014375
0.015
0.015625
0.01625
0.016875
0.0175
0.018125
0.01875
0.019375
0.02
0.020625
0.02125
0.021875
0.0225
0.023125
0.02375
0.024375
0.025
0.025625
0.02625
0.026875
0.0275
0.028125
0.02875
0.029375
0.03
0.030625
0.03125
0.031875
0.0325
0.033125
0.03375
0.034375
0.035
0.035625
0.03625
0.036875
0.0375
0.038125
0.03875
0.039375
0.04
0.040625
0.04125
0.041875
0.0425
0.043125
0.04375
0.044375
0.045
0.045625
0.04625
0.046875
0.0475
0.048125
0.04875
0.049375
0.05
0.050625
0.05125
0.051875
0.0525
0.053125
0.05375
0.054375
0.055
0.055625
0.05625
0.056875
0.0575
0.058125
0.05875
0.059375
0.06
0.060625
0.06125
0.061875
0.0625
0.063125
0.06375
0.064375
0.065
0.065625
0.06625
0.066875
0.0675
0.068125
0.06875
0.069375
0.07
0.070625
0.07125
0.071875
0.0725
0.073125
0.07375
0.074375
0.075
0.075625
0.07625
0.076875
0.0775
0.078125
0.07875
0.079375
0.08
0.080625
0.08125
0.081875
0.0825
0.083125
0.08375
0.084375
0.085
0.085625
0.08625
0.086875
0.0875
0.088125
0.08875
0.089375
0.09
0.090625
0.09125
0.091875
0.0925
0.093125
0.09375
0.094375
0.095
0.095625
0.09625
0.096875
0.0975
0.098125
0.09875
0.099375
0.1
0.100625
0.10125
0.101875
0.1025
0.103125
0.10375
0.104375
0.105
0.105625
0.10625
0.106875
0.1075
0.108125
0.10875
0.109375
0.11
0.110625
0.11125
0.111875
0.1125
0.113125
0.11375
0.114375
0.115
0.115625
0.11625
0.116875
0.1175
0.118125
0.11875
0.119375
0.12
0.120625
0.12125
0.121875
0.1225
0.123125
0.12375
0.124375
0.125
0.125625
0.12625
0.126875
0.1275
0.128125
0.12875
0.129375
0.13
0.130625
0.13125
0.131875
0.1325
0.133125
0.13375
0.134375
0.135
0.135625
0.13625
0.136875
0.1375
0.138125
0.13875
0.139375
0.14
0.140625
0.14125
0.141875
0.1425
0.143125
0.14375
0.144375
0.145
0.145625
0.14625
0.146875
0.1475
0.148125
0.14875
0.149375
0.15
0.150625
0.15125
0.151875
0.1525
0.153125
0.15375
0.154375
0.155
0.155625
0.15625
0.156875
0.1575
0.158125
0.15875
0.159375
0.16
0.160625
0.16125
0.161875
0.1625
0.163125
0.16375
0.164375
0.165
0.165625
0.16625
0.166875
0.1675
0.168125
0.16875
0.169375
0.17
0.170625
0.17125
0.171875
0.1725
0.173125
0.17375
0.174375
0.175
0.175625
0.17625
0.176875
0.1775
0.178125
0.17875
0.179375
0.18
0.180625
0.18125
0.181875
0.1825
0.183125
0.18375
0.184375
0.185
0.185625
0.18625
0.186875
0.1875
0.188125
0.18875
0.189375
0.19
0.190625
0.19125
0.191875
0.1925
0.193125
0.19375
0.194375
0.195
0.195625
0.19625
0.196875
0.1975
0.198125
0.19875
0.199375
0.2
0.200625
0.20125
0.201875
0.2025
0.203125
0.20375
0.204375
0.205
0.205625
0.20625
0.206875
0.2075
0.208125
0.20875
0.209375
0.21
0.210625
0.21125
0.211875
0.2125
0.213125
0.21375
0.214375
0.215
0.215625
0.21625
0.216875
0.2175
0.218125
0.21875
0.219375
0.22
0.220625
0.22125
0.221875
0.2225
0.223125
0.22375
0.224375
0.225
0.225625
0.22625
0.226875
0.2275
0.228125
0.22875
0.229375
0.23
0.230625
0.23125
0.231875
0.2325
0.233125
0.23375
0.234375
0.235
0.235625
0.23625
0.236875
0.2375
0.238125
0.23875
0.239375
0.24
0.240625
0.24125
0.241875
0.2425
0.243125
0.24375
0.244375
0.245
0.245625
0.24625
0.246875
0.2475
0.248125
0.24875
0.249375
0.25
0.250625
0.25125
0.251875
0.2525
0.253125
0.25375
0.254375
0.255
0.255625
0.25625
0.256875
0.2575
0.258125
0.25875
0.259375
0.26
0.260625
0.26125
0.261875
0.2625
0.263125
0.26375
0.264375
0.265
0.265625
0.26625
0.266875
0.2675
0.268125
0.26875
0.269375
0.27
0.270625
0.27125
0.271875
0.2725
0.273125
0.27375
0.274375
0.275
0.275625
0.27625
0.276875
0.2775
0.278125
0.27875
0.279375
0.28
0.280625
0.28125
0.281875
0.2825
0.283125
0.28375
0.284375
0.285
0.285625
0.28625
0.286875
0.2875
0.288125
0.28875
0.289375
0.29
0.290625
0.29125
0.291875
0.2925
0.293125
0.29375
0.294375
0.295
0.295625
0.29625
0.296875
0.2975
0.298125
0.29875
0.299375
0.3
0.300625
0.30125
0.301875
0.3025
0.303125
0.30375
0.304375
0.305
0.305625
0.30625
0.306875
0.3075
0.308125
0.30875
0.309375
0.31
0.310625
0.31125
0.311875
0.3125
0.313125
0.31375
0.314375
0.315
0.315625
0.31625
0.316875
0.3175
0.318125
0.31875
0.319375
0.32
0.320625
0.32125
0.321875
0.3225
0.323125
0.32375
0.324375
0.325
0.325625
0.32625
0.326875
0.3275
0.328125
0.32875
0.329375
0.33
0.330625
0.33125
0.331875
0.3325
0.333125
0.33375
0.334375
0.335
0.335625
0.33625
0.336875
0.3375
0.338125
0.33875
0.339375
0.34
0.340625
0.34125
0.341875
0.3425
0.343125
0.34375
0.344375
0.345
0.345625
0.34625
0.346875
0.3475
0.348125
0.34875
0.349375
0.35
0.350625
0.35125
0.351875
0.3525
0.353125
0.35375
0.354375
0.355
0.355625
0.35625
0.356875
0.3575
0.358125
0.35875
0.359375
0.36
0.360625
0.36125
0.361875
0.3625
0.363125
0.36375
0.364375
0.365
0.365625
0.36625
0.366875
0.3675
0.368125
0.36875
0.369375
0.37
0.370625
0.37125
0.371875
0.3725
0.373125
0.37375
0.374375
0.375
0.375625
0.37625
0.376875
0.3775
0.378125
0.37875
0.379375
0.38
0.380625
0.38125
0.381875
0.3825
0.383125
0.38375
0.384375
0.385
0.385625
0.38625
0.386875
0.3875
0.388125
0.38875
0.389375
0.39
0.390625
0.39125
0.391875
0.3925
0.393125
0.39375
0.394375
0.395
0.395625
0.39625
0.396875
0.3975
0.398125
0.39875
0.399375
0.4
0.400625
0.40125
0.401875
0.4025
0.403125
0.40375
0.404375
0.405
0.405625
0.40625
0.406875
0.4075
0.408125
0.40875
0.409375
0.41
0.410625
0.41125
0.411875
0.4125
0.413125
0.41375
0.414375
0.415
0.415625
0.41625
0.416875
0.4175
0.418125
0.41875
0.419375
0.42
0.420625
0.42125
0.421875
0.4225
0.423125
0.42375
0.424375
0.425
0.425625
0.42625
0.426875
0.4275
0.428125
0.42875
0.429375
0.43
0.430625
0.43125
0.431875
0.4325
0.433125
0.43375
0.434375
0.435
0.435625
0.43625
0.436875
0.4375
0.438125
0.43875
0.439375
0.44
0.440625
0.44125
0.441875
0.4425
0.443125
0.44375
0.444375
0.445
0.445625
0.44625
0.446875
0.4475
0.448125
0.44875
0.449375
0.45
0.450625
0.45125
0.451875
0.4525
0.453125
0.45375
0.454375
0.455
0.455625
0.45625
0.456875
0.4575
0.458125
0.45875
0.459375
0.46
0.460625
0.46125
0.461875
0.4625
0.463125
0.46375
0.464375
0.465
0.465625
0.46625
0.466875
0.4675
0.468125
0.46875
0.469375
0.47
0.470625
0.47125
0.471875
0.4725
0.473125
0.47375
0.474375
0.475
0.475625
0.47625
0.476875
0.4775
0.478125
0.47875
0.479375
0.48
0.480625
0.48125
0.481875
0.4825
0.483125
0.48375
0.484375
0.485
0.485625
0.48625
0.486875
0.4875
0.488125
0.48875
0.489375
0.49
0.490625
0.49125
0.491875
0.4925
0.493125
0.49375
0.494375
0.495
0.495625
0.49625
0.496875
0.4975
0.498125
0.49875
0.499375
0.5
0.0003125
0.000625
0.0009375
0.00125
0.0015625
0.001875
0.0021875
0.0025
0.0028125
0.003125
0.0034375
0.00375
0.0040625
0.004375
0.0046875
0.005
0.0053125
0.005625
0.0059375
0.00625
0.0065625
0.006875
0.0071875
0.0075
0.0078125
0.008125
0.0084375
0.00875
0.0090625
0.009375
0.0096875
0.01
0.0103125
0.010625
0.0109375
0.01125
0.0115625
0.011875
0.0121875
0.0125
0.0128125
0.013125
0.0134375
0.01375
0.0140625
0.014375
0.0146875
0.015
0.0153125
0.015625
0.0159375
0.01625
0.0165625
0.016875
0.0171875
0.0175
0.0178125
0.018125
0.0184375
0.01875
0.0190625
0.019375
0.0196875
0.02
0.0203125
0.020625
0.0209375
0.02125
0.0215625
0.021875
0.0221875
0.0225
0.0228125
0.023125
0.0234375
0.02375
0.0240625
0.024375
0.0246875
0.025
0.0253125
0.025625
0.0259375
0.02625
0.0265625
0.026875
0.0271875
0.0275
0.0278125
0.028125
0.0284375
0.02875
0.0290625
0.029375
0.0296875
0.03
0.0303125
0.030625
0.0309375
0.03125
0.0315625
0.031875
0.0321875
0.0325
0.0328125
0.033125
0.0334375
0.03375
0.0340625
0.034375
0.0346875
0.035
0.0353125
0.035625
0.0359375
0.03625
0.0365625
0.036875
0.0371875
0.0375
0.0378125
0.038125
0.0384375
0.03875
0.0390625
0.039375
0.0396875
0.04
0.0403125
0.040625
0.0409375
0.04125
0.0415625
0.041875
0.0421875
0.0425
0.0428125
0.043125
0.0434375
0.04375
0.0440625
0.044375
0.0446875
0.045
0.0453125
0.045625
0.0459375
0.04625
0.0465625
0.046875
0.0471875
0.0475
0.0478125
0.048125
0.0484375
0.04875
0.0490625
0.049375
0.0496875
0.05
0.0503125
0.050625
0.0509375
0.05125
0.0515625
0.051875
0.0521875
0.0525
0.0528125
0.053125
0.0534375
0.05375
0.0540625
0.054375
0.0546875
0.055
0.0553125
0.055625
0.0559375
0.05625
0.0565625
0.056875
0.0571875
0.0575
0.0578125
0.058125
0.0584375
0.05875
0.0590625
0.059375
0.0596875
0.06
0.0603125
0.060625
0.0609375
0.06125
0.0615625
0.061875
0.0621875
0.0625
0.0628125
0.063125
0.0634375
0.06375
0.0640625
0.064375
0.0646875
0.065
0.0653125
0.065625
0.0659375
0.06625
0.0665625
0.066875
0.0671875
0.0675
0.0678125
0.068125
0.0684375
0.06875
0.0690625
0.069375
0.0696875
0.07
0.0703125
0.070625
0.0709375
0.07125
0.0715625
0.071875
0.0721875
0.0725
0.0728125
0.073125
0.0734375
0.07375
0.0740625
0.074375
0.0746875
0.075
0.0753125
0.075625
0.0759375
0.07625
0.0765625
0.076875
0.0771875
0.0775
0.0778125
0.078125
0.0784375
0.07875
0.0790625
0.079375
0.0796875
0.08
0.0803125
0.080625
0.0809375
0.08125
0.0815625
0.081875
0.0821875
0.0825
0.0828125
0.083125
0.0834375
0.08375
0.0840625
0.084375
0.0846875
0.085
0.0853125
0.085625
0.0859375
0.08625
0.0865625
0.086875
0.0871875
0.0875
0.0878125
0.088125
0.0884375
0.08875
0.0890625
0.089375
0.0896875
0.09
0.0903125
0.090625
0.0909375
0.09125
0.0915625
0.091875
0.0921875
0.0925
0.0928125
0.093125
0.0934375
0.09375
0.0940625
0.094375
0.0946875
0.095
0.0953125
0.095625
0.0959375
0.09625
0.0965625
0.096875
0.0971875
0.0975
0.0978125
0.098125
0.0984375
0.09875
0.0990625
0.099375
0.0996875
0.1
0.100313
0.100625
0.100938
0.10125
0.101563
0.101875
0.102188
0.1025
0.102813
0.103125
0.103438
0.10375
0.104063
0.104375
0.104688
0.105
0.105313
0.105625
0.105938
0.10625
0.106563
0.106875
0.107188
0.1075
0.107813
0.108125
0.108438
0.10875
0.109063
0.109375
0.109688
0.11
0.110313
0.110625
0.110938
0.11125
0.111563
0.111875
0.112188
0.1125
0.112813
0.113125
0.113438
0.11375
0.114063
0.114375
0.114688
0.115
0.115313
0.115625
0.115938
0.11625
0.116563
0.116875
0.117188
0.1175
0.117813
0.118125
0.118438
0.11875
0.119063
0.119375
0.119688
0.12
0.120313
0.120625
0.120938
0.12125
0.121563
0.121875
0.122188
0.1225
0.122813
0.123125
0.123438
0.12375
0.124063
0.124375
0.124688
0.125
0.125313
0.125625
0.125938
0.12625
0.126563
0.126875
0.127188
0.1275
0.127813
0.128125
0.128438
0.12875
0.129063
0.129375
0.129688
0.13
0.130313
0.130625
0.130938
0.13125
0.131563
0.131875
0.132188
0.1325
0.132813
0.133125
0.133438
0.13375
0.134063
0.134375
0.134688
0.135
0.135313
0.135625
0.135938
0.13625
0.136563
0.136875
0.137188
0.1375
0.137813
0.138125
0.138438
0.13875
0.139063
0.139375
0.139688
0.14
0.140313
0.140625
0.140938
0.14125
0.141563
0.141875
0.142188
0.1425
0.142813
0.143125
0.143438
0.14375
0.144063
0.144375
0.144688
0.145
0.145313
0.145625
0.145938
0.14625
0.146563
0.146875
0.147188
0.1475
0.147813
0.148125
0.148438
0.14875
0.149063
0.149375
0.149688
0.15
0.150313
0.150625
0.150938
0.15125
0.151563
0.151875
0.152188
0.1525
0.152813
0.153125
0.153438
0.15375
0.154063
0.154375
0.154688
0.155
0.155313
0.155625
0.155938
0.15625
0.156563
0.156875
0.157188
0.1575
0.157813
0.158125
0.158438
0.15875
0.159063
0.159375
0.159688
0.16
0.160313
0.160625
0.160938
0.16125
0.161563
0.161875
0.162188
0.1625
0.162813
0.163125
0.163438
0.16375
0.164063
0.164375
0.164688
0.165
0.165313
0.165625
0.165938
0.16625
0.166563
0.166875
0.167188
0.1675
0.167813
0.168125
0.168438
0.16875
0.169063
0.169375
0.169688
0.17
0.170313
0.170625
0.170938
0.17125
0.171563
0.171875
0.172188
0.1725
0.172813
0.173125
0.173438
0.17375
0.174063
0.174375
0.174688
0.175
0.175313
0.175625
0.175938
0.17625
0.176563
0.176875
0.177188
0.1775
0.177813
0.178125
0.178438
0.17875
0.179063
0.179375
0.179688
0.18
0.180313
0.180625
0.180938
0.18125
0.181563
0.181875
0.182188
0.1825
0.182813
0.183125
0.183438
0.18375
0.184063
0.184375
0.184688
0.185
0.185313
0.185625
0.185938
0.18625
0.186563
0.186875
0.187188
0.1875
0.187813
0.188125
0.188438
0.18875
0.189063
0.189375
0.189688
0.19
0.190313
0.190625
0.190938
0.19125
0.191563
0.191875
0.192188
0.1925
0.192813
0.193125
0.193438
0.19375
0.194063
0.194375
0.194688
0.195
0.195313
0.195625
0.195938
0.19625
0.196563
0.196875
0.197188
0.1975
0.197813
0.198125
0.198438
0.19875
0.199063
0.199375
0.199688
0.2
0.200313
0.200625
0.200938
0.20125
0.201563
0.201875
0.202188
0.2025
0.202813
0.203125
0.203438
0.20375
0.204063
0.204375
0.204688
0.205
0.205313
0.205625
0.205938
0.20625
0.206563
0.206875
0.207188
0.2075
0.207813
0.208125
0.208438
0.20875
0.209063
0.209375
0.209688
0.21
0.210313
0.210625
0.210938
0.21125
0.211563
0.211875
0.212188
0.2125
0.212813
0.213125
0.213438
0.21375
0.214063
0.214375
0.214688
0.215
0.215313
0.215625
0.215938
0.21625
0.216563
0.216875
0.217188
0.2175
0.217813
0.218125
0.218438
0.21875
0.219063
0.219375
0.219688
0.22
0.220313
0.220625
0.220938
0.22125
0.221563
0.221875
0.222188
0.2225
0.222813
0.223125
0.223438
0.22375
0.224063
0.224375
0.224688
0.225
0.225313
0.225625
0.225938
0.22625
0.226563
0.226875
0.227188
0.2275
0.227813
0.228125
0.228438
0.22875
0.229063
0.229375
0.229688
0.23
0.230313
0.230625
0.230938
0.23125
0.231563
0.231875
0.232188
0.2325
0.232813
0.233125
0.233438
0.23375
0.234063
0.234375
0.234688
0.235
0.235313
0.235625
0.235938
0.23625
0.236563
0.236875
0.237188
0.2375
0.237813
0.238125
0.238438
0.23875
0.239063
0.239375
0.239688
0.24
0.240313
0.240625
0.240938
0.24125
0.241563
0.241875
0.242188
0.2425
0.242813
0.243125
0.243438
0.24375
0.244063
0.244375
0.244688
0.245
0.245313
0.245625
0.245938
0.24625
0.246563
0.246875
0.247188
0.2475
0.247813
0.248125
0.248438
0.24875
0.249063
0.249375
0.249688
0.25
0.250313
0.250625
0.250938
0.25125
0.251563
0.251875
0.252188
0.2525
0.252813
0.253125
0.253438
0.25375
0.254063
0.254375
0.254688
0.255
0.255313
0.255625
0.255938
0.25625
0.256563
0.256875
0.257188
0.2575
0.257813
0.258125
0.258438
0.25875
0.259063
0.259375
0.259688
0.26
0.260313
0.260625
0.260938
0.26125
0.261563
0.261875
0.262188
0.2625
0.262813
0.263125
0.263438
0.26375
0.264063
0.264375
0.264688
0.265
0.265313
0.265625
0.265938
0.26625
0.266563
0.266875
0.267188
0.2675
0.267813
0.268125
0.268438
0.26875
0.269063
0.269375
0.269688
0.27
0.270313
0.270625
0.270938
0.27125
0.271563
0.271875
0.272188
0.2725
0.272813
0.273125
0.273438
0.27375
0.274063
0.274375
0.274688
0.275
0.275313
0.275625
0.275938
0.27625
0.276563
0.276875
0.277188
0.2775
0.277813
0.278125
0.278438
0.27875
0.279063
0.279375
0.279688
0.28
0.280313
0.280625
0.280938
0.28125
0.281563
0.281875
0.282188
0.2825
0.282813
0.283125
0.283438
0.28375
0.284063
0.284375
0.284688
0.285
0.285313
0.285625
0.285938
0.28625
0.286563
0.286875
0.287188
0.2875
0.287813
0.288125
0.288438
0.28875
0.289063
0.289375
0.289688
0.29
0.290313
0.290625
0.290938
0.29125
0.291563
0.291875
0.292188
0.2925
0.292813
0.293125
0.293438
0.29375
0.294063
0.294375
0.294688
0.295
0.295313
0.295625
0.295938
0.29625
0.296563
0.296875
0.297188
0.2975
0.297813
0.298125
0.298438
0.29875
0.299063
0.299375
0.299688
0.3
0.300313
0.300625
0.300938
0.30125
0.301563
0.301875
0.302188
0.3025
0.302813
0.303125
0.303438
0.30375
0.304063
0.304375
0.304688
0.305
0.305313
0.305625
0.305938
0.30625
0.306563
0.306875
0.307188
0.3075
0.307813
0.308125
0.308438
0.30875
0.309063
0.309375
0.309688
0.31
0.310313
0.310625
0.310938
0.31125
0.311563
0.311875
0.312188
0.3125
0.312813
0.313125
0.313438
0.31375
0.314063
0.314375
0.314688
0.315
0.315313
0.315625
0.315938
0.31625
0.316563
0.316875
0.317188
0.3175
0.317813
0.318125
0.318438
0.31875
0.319063
0.319375
0.319688
0.32
0.320313
0.320625
0.320938
0.32125
0.321563
0.321875
0.322188
0.3225
0.322813
0.323125
0.323438
0.32375
0.324063
0.324375
0.324688
0.325
0.325313
0.325625
0.325938
0.32625
0.326563
0.326875
0.327188
0.3275
0.327813
0.328125
0.328438
0.32875
0.329063
0.329375
0.329688
0.33
0.330313
0.330625
0.330938
0.33125
0.331563
0.331875
0.332188
0.3325
0.332813
0.333125
0.333438
0.33375
0.334063
0.334375
0.334688
0.335
0.335313
0.335625
0.335938
0.33625
0.336563
0.336875
0.337188
0.3375
0.337813
0.338125
0.338438
0.33875
0.339063
0.339375
0.339688
0.34
0.340313
0.340625
0.340938
0.34125
0.341563
0.341875
0.342188
0.3425
0.342813
0.343125
0.343438
0.34375
0.344063
0.344375
0.344688
0.345
0.345313
0.345625
0.345938
0.34625
0.346563
0.346875
0.347188
0.3475
0.347813
0.348125
0.348438
0.34875
0.349063
0.349375
0.349688
0.35
0.350313
0.350625
0.350938
0.35125
0.351563
0.351875
0.352188
0.3525
0.352813
0.353125
0.353438
0.35375
0.354063
0.354375
0.354688
0.355
0.355313
0.355625
0.355938
0.35625
0.356563
0.356875
0.357188
0.3575
0.357813
0.358125
0.358438
0.35875
0.359063
0.359375
0.359688
0.36
0.360313
0.360625
0.360938
0.36125
0.361563
0.361875
0.362188
0.3625
0.362813
0.363125
0.363438
0.36375
0.364063
0.364375
0.364688
0.365
0.365313
0.365625
0.365938
0.36625
0.366563
0.366875
0.367188
0.3675
0.367813
0.368125
0.368438
0.36875
0.369063
0.369375
0.369688
0.37
0.370313
0.370625
0.370938
0.37125
0.371563
0.371875
0.372188
0.3725
0.372813
0.373125
0.373438
0.37375
0.374063
0.374375
0.374688
0.375
0.375313
0.375625
0.375938
0.37625
0.376563
0.376875
0.377188
0.3775
0.377813
0.378125
0.378438
0.37875
0.379063
0.379375
0.379688
0.38
0.380313
0.380625
0.380938
0.38125
0.381563
0.381875
0.382188
0.3825
0.382813
0.383125
0.383438
0.38375
0.384063
0.384375
0.384688
0.385
0.385313
0.385625
0.385938
0.38625
0.386563
0.386875
0.387188
0.3875
0.387813
0.388125
0.388438
0.38875
0.389063
0.389375
0.389688
0.39
0.390313
0.390625
0.390938
0.39125
0.391563
0.391875
0.392188
0.3925
0.392813
0.393125
0.393438
0.39375
0.394063
0.394375
0.394688
0.395
0.395313
0.395625
0.395938
0.39625
0.396563
0.396875
0.397188
0.3975
0.397813
0.398125
0.398438
0.39875
0.399063
0.399375
0.399688
0.4
0.400313
0.400625
0.400938
0.40125
0.401563
0.401875
0.402188
0.4025
0.402813
0.403125
0.403438
0.40375
0.404063
0.404375
0.404688
0.405
0.405313
0.405625
0.405938
0.40625
0.406563
0.406875
0.407188
0.4075
0.407813
0.408125
0.408438
0.40875
0.409063
0.409375
0.409688
0.41
0.410313
0.410625
0.410938
0.41125
0.411563
0.411875
0.412188
0.4125
0.412813
0.413125
0.413438
0.41375
0.414063
0.414375
0.414688
0.415
0.415313
0.415625
0.415938
0.41625
0.416563
0.416875
0.417188
0.4175
0.417813
0.418125
0.418438
0.41875
0.419063
0.419375
0.419688
0.42
0.420313
0.420625
0.420938
0.42125
0.421563
0.421875
0.422188
0.4225
0.422813
0.423125
0.423438
0.42375
0.424063
0.424375
0.424688
0.425
0.425313
0.425625
0.425938
0.42625
0.426563
0.426875
0.427188
0.4275
0.427813
0.428125
0.428438
0.42875
0.429063
0.429375
0.429688
0.43
0.430313
0.430625
0.430938
0.43125
0.431563
0.431875
0.432188
0.4325
0.432813
0.433125
0.433438
0.43375
0.434063
0.434375
0.434688
0.435
0.435313
0.435625
0.435938
0.43625
0.436563
0.436875
0.437188
0.4375
0.437813
0.438125
0.438438
0.43875
0.439063
0.439375
0.439688
0.44
0.440313
0.440625
0.440938
0.44125
0.441563
0.441875
0.442188
0.4425
0.442813
0.443125
0.443438
0.44375
0.444063
0.444375
0.444688
0.445
0.445313
0.445625
0.445938
0.44625
0.446563
0.446875
0.447188
0.4475
0.447813
0.448125
0.448438
0.44875
0.449063
0.449375
0.449688
0.45
0.450313
0.450625
0.450938
0.45125
0.451563
0.451875
0.452188
0.4525
0.452813
0.453125
0.453438
0.45375
0.454063
0.454375
0.454688
0.455
0.455313
0.455625
0.455938
0.45625
0.456563
0.456875
0.457188
0.4575
0.457813
0.458125
0.458438
0.45875
0.459063
0.459375
0.459688
0.46
0.460313
0.460625
0.460938
0.46125
0.461563
0.461875
0.462188
0.4625
0.462813
0.463125
0.463438
0.46375
0.464063
0.464375
0.464688
0.465
0.465313
0.465625
0.465938
0.46625
0.466563
0.466875
0.467188
0.4675
0.467813
0.468125
0.468438
0.46875
0.469063
0.469375
0.469688
0.47
0.470313
0.470625
0.470938
0.47125
0.471563
0.471875
0.472188
0.4725
0.472813
0.473125
0.473438
0.47375
0.474063
0.474375
0.474688
0.475
0.475313
0.475625
0.475938
0.47625
0.476563
0.476875
0.477188
0.4775
0.477813
0.478125
0.478438
0.47875
0.479063
0.479375
0.479688
0.48
0.480313
0.480625
0.480938
0.48125
0.481563
0.481875
0.482188
0.4825
0.482813
0.483125
0.483438
0.48375
0.484063
0.484375
0.484688
0.485
0.485313
0.485625
0.485938
0.48625
0.486563
0.486875
0.487188
0.4875
0.487813
0.488125
0.488438
0.48875
0.489063
0.489375
0.489688
0.49
0.490313
0.490625
0.490938
0.49125
0.491563
0.491875
0.492188
0.4925
0.492813
0.493125
0.493438
0.49375
0.494063
0.494375
0.494688
0.495
0.495313
0.495625
0.495938
0.49625
0.496563
0.496875
0.497188
0.4975
0.497813
0.498125
0.498438
0.49875
0.499063
0.499375
0.499688
3.44169e-14
0.00015625
0.0003125
0.00046875
0.000625
0.00078125
0.0009375
0.00109375
0.00125
0.00140625
0.0015625
0.00171875
0.001875
0.00203125
0.0021875
0.00234375
0.0025
0.00265625
0.0028125
0.00296875
0.003125
0.00328125
0.0034375
0.00359375
0.00375
0.00390625
0.0040625
0.00421875
0.004375
0.00453125
0.0046875
0.00484375
0.005
0.00515625
0.0053125
0.00546875
0.005625
0.00578125
0.0059375
0.00609375
0.00625
0.00640625
0.0065625
0.00671875
0.006875
0.00703125
0.0071875
0.00734375
0.0075
0.00765625
0.0078125
0.00796875
0.008125
0.00828125
0.0084375
0.00859375
0.00875
0.00890625
0.0090625
0.00921875
0.009375
0.00953125
0.0096875
0.00984375
0.01
0.0101563
0.0103125
0.0104688
0.010625
0.0107813
0.0109375
0.0110938
0.01125
0.0114063
0.0115625
0.0117188
0.011875
0.0120313
0.0121875
0.0123438
0.0125
0.0126563
0.0128125
0.0129688
0.013125
0.0132813
0.0134375
0.0135938
0.01375
0.0139063
0.0140625
0.0142188
0.014375
0.0145313
0.0146875
0.0148438
0.015
0.0151563
0.0153125
0.0154688
0.015625
0.0157813
0.0159375
0.0160938
0.01625
0.0164063
0.0165625
0.0167188
0.016875
0.0170313
0.0171875
0.0173438
0.0175
0.0176563
0.0178125
0.0179688
0.018125
0.0182813
0.0184375
0.0185938
0.01875
0.0189063
0.0190625
0.0192188
0.019375
0.0195313
0.0196875
0.0198438
0.02
0.0201563
0.0203125
0.0204688
0.020625
0.0207813
0.0209375
0.0210938
0.02125
0.0214063
0.0215625
0.0217188
0.021875
0.0220313
0.0221875
0.0223438
0.0225
0.0226563
0.0228125
0.0229688
0.023125
0.0232813
0.0234375
0.0235938
0.02375
0.0239063
0.0240625
0.0242188
0.024375
0.0245313
0.0246875
0.0248438
0.025
0.0251563
0.0253125
0.0254688
0.025625
0.0257813
0.0259375
0.0260938
0.02625
0.0264063
0.0265625
0.0267188
0.026875
0.0270313
0.0271875
0.0273438
0.0275
0.0276563
0.0278125
0.0279688
0.028125
0.0282813
0.0284375
0.0285938
0.02875
0.0289063
0.0290625
0.0292188
0.029375
0.0295313
0.0296875
0.0298438
0.03
0.0301563
0.0303125
0.0304688
0.030625
0.0307813
0.0309375
0.0310938
0.03125
0.0314063
0.0315625
0.0317188
0.031875
0.0320313
0.0321875
0.0323438
0.0325
0.0326563
0.0328125
0.0329688
0.033125
0.0332813
0.0334375
0.0335938
0.03375
0.0339063
0.0340625
0.0342188
0.034375
0.0345313
0.0346875
0.0348438
0.035
0.0351563
0.0353125
0.0354688
0.035625
0.0357813
0.0359375
0.0360938
0.03625
0.0364063
0.0365625
0.0367188
0.036875
0.0370313
0.0371875
0.0373438
0.0375
0.0376563
0.0378125
0.0379688
0.038125
0.0382813
0.0384375
0.0385938
0.03875
0.0389063
0.0390625
0.0392188
0.039375
0.0395313
0.0396875
0.0398438
0.04
0.0401563
0.0403125
0.0404688
0.040625
0.0407813
0.0409375
0.0410938
0.04125
0.0414063
0.0415625
0.0417188
0.041875
0.0420313
0.0421875
0.0423438
0.0425
0.0426563
0.0428125
0.0429688
0.043125
0.0432813
0.0434375
0.0435938
0.04375
0.0439063
0.0440625
0.0442188
0.044375
0.0445313
0.0446875
0.0448438
0.045
0.0451563
0.0453125
0.0454688
0.045625
0.0457813
0.0459375
0.0460938
0.04625
0.0464063
0.0465625
0.0467188
0.046875
0.0470313
0.0471875
0.0473438
0.0475
0.0476563
0.0478125
0.0479688
0.048125
0.0482813
0.0484375
0.0485938
0.04875
0.0489063
0.0490625
0.0492188
0.049375
0.0495313
0.0496875
0.0498438
0.05
0.0501563
0.0503125
0.0504688
0.050625
0.0507813
0.0509375
0.0510938
0.05125
0.0514063
0.0515625
0.0517188
0.051875
0.0520313
0.0521875
0.0523438
0.0525
0.0526563
0.0528125
0.0529688
0.053125
0.0532813
0.0534375
0.0535938
0.05375
0.0539063
0.0540625
0.0542188
0.054375
0.0545313
0.0546875
0.0548438
0.055
0.0551563
0.0553125
0.0554688
0.055625
0.0557813
0.0559375
0.0560938
0.05625
0.0564063
0.0565625
0.0567188
0.056875
0.0570313
0.0571875
0.0573438
0.0575
0.0576563
0.0578125
0.0579688
0.058125
0.0582813
0.0584375
0.0585938
0.05875
0.0589063
0.0590625
0.0592188
0.059375
0.0595313
0.0596875
0.0598438
0.06
0.0601563
0.0603125
0.0604688
0.060625
0.0607813
0.0609375
0.0610938
0.06125
0.0614063
0.0615625
0.0617188
0.061875
0.0620313
0.0621875
0.0623438
0.0625
0.0626563
0.0628125
0.0629688
0.063125
0.0632813
0.0634375
0.0635938
0.06375
0.0639063
0.0640625
0.0642188
0.064375
0.0645313
0.0646875
0.0648438
0.065
0.0651563
0.0653125
0.0654688
0.065625
0.0657813
0.0659375
0.0660938
0.06625
0.0664063
0.0665625
0.0667188
0.066875
0.0670313
0.0671875
0.0673438
0.0675
0.0676563
0.0678125
0.0679688
0.068125
0.0682813
0.0684375
0.0685938
0.06875
0.0689063
0.0690625
0.0692188
0.069375
0.0695313
0.0696875
0.0698438
0.07
0.0701563
0.0703125
0.0704688
0.070625
0.0707813
0.0709375
0.0710938
0.07125
0.0714063
0.0715625
0.0717188
0.071875
0.0720313
0.0721875
0.0723438
0.0725
0.0726563
0.0728125
0.0729688
0.073125
0.0732813
0.0734375
0.0735938
0.07375
0.0739063
0.0740625
0.0742188
0.074375
0.0745313
0.0746875
0.0748438
0.075
0.0751563
0.0753125
0.0754688
0.075625
0.0757813
0.0759375
0.0760938
0.07625
0.0764063
0.0765625
0.0767188
0.076875
0.0770313
0.0771875
0.0773438
0.0775
0.0776563
0.0778125
0.0779688
0.078125
0.0782813
0.0784375
0.0785938
0.07875
0.0789063
0.0790625
0.0792188
0.079375
0.0795313
0.0796875
0.0798438
0.08
0.0801563
0.0803125
0.0804688
0.080625
0.0807813
0.0809375
0.0810938
0.08125
0.0814063
0.0815625
0.0817188
0.081875
0.0820313
0.0821875
0.0823438
0.0825
0.0826563
0.0828125
0.0829688
0.083125
0.0832813
0.0834375
0.0835938
0.08375
0.0839063
0.0840625
0.0842188
0.084375
0.0845313
0.0846875
0.0848438
0.085
0.0851563
0.0853125
0.0854688
0.085625
0.0857813
0.0859375
0.0860938
0.08625
0.0864063
0.0865625
0.0867188
0.086875
0.0870313
0.0871875
0.0873438
0.0875
0.0876563
0.0878125
0.0879688
0.088125
0.0882813
0.0884375
0.0885938
0.08875
0.0889063
0.0890625
0.0892188
0.089375
0.0895313
0.0896875
0.0898438
0.09
0.0901563
0.0903125
0.0904688
0.090625
0.0907813
0.0909375
0.0910938
0.09125
0.0914063
0.0915625
0.0917188
0.091875
0.0920313
0.0921875
0.0923438
0.0925
0.0926563
0.0928125
0.0929688
0.093125
0.0932813
0.0934375
0.0935938
0.09375
0.0939063
0.0940625
0.0942188
0.094375
0.0945313
0.0946875
0.0948438
0.095
0.0951563
0.0953125
0.0954688
0.095625
0.0957813
0.0959375
0.0960938
0.09625
0.0964063
0.0965625
0.0967188
0.096875
0.0970313
0.0971875
0.0973438
0.0975
0.0976563
0.0978125
0.0979688
0.098125
0.0982813
0.0984375
0.0985938
0.09875
0.0989063
0.0990625
0.0992188
0.099375
0.0995313
0.0996875
0.0998438
0.1
0.100156
0.100313
0.100469
0.100625
0.100781
0.100938
0.101094
0.10125
0.101406
0.101563
0.101719
0.101875
0.102031
0.102188
0.102344
0.1025
0.102656
0.102813
0.102969
0.103125
0.103281
0.103438
0.103594
0.10375
0.103906
0.104063
0.104219
0.104375
0.104531
0.104688
0.104844
0.105
0.105156
0.105313
0.105469
0.105625
0.105781
0.105938
0.106094
0.10625
0.106406
0.106563
0.106719
0.106875
0.107031
0.107188
0.107344
0.1075
0.107656
0.107813
0.107969
0.108125
0.108281
0.108438
0.108594
0.10875
0.108906
0.109063
0.109219
0.109375
0.109531
0.109688
0.109844
0.11
0.110156
0.110313
0.110469
0.110625
0.110781
0.110938
0.111094
0.11125
0.111406
0.111563
0.111719
0.111875
0.112031
0.112188
0.112344
0.1125
0.112656
0.112813
0.112969
0.113125
0.113281
0.113438
0.113594
0.11375
0.113906
0.114063
0.114219
0.114375
0.114531
0.114688
0.114844
0.115
0.115156
0.115313
0.115469
0.115625
0.115781
0.115938
0.116094
0.11625
0.116406
0.116563
0.116719
0.116875
0.117031
0.117188
0.117344
0.1175
0.117656
0.117813
0.117969
0.118125
0.118281
0.118438
0.118594
0.11875
0.118906
0.119063
0.119219
0.119375
0.119531
0.119688
0.119844
0.12
0.120156
0.120313
0.120469
0.120625
0.120781
0.120938
0.121094
0.12125
0.121406
0.121563
0.121719
0.121875
0.122031
0.122188
0.122344
0.1225
0.122656
0.122813
0.122969
0.123125
0.123281
0.123438
0.123594
0.12375
0.123906
0.124063
0.124219
0.124375
0.124531
0.124688
0.124844
0.125
0.125156
0.125313
0.125469
0.125625
0.125781
0.125938
0.126094
0.12625
0.126406
0.126563
0.126719
0.126875
0.127031
0.127188
0.127344
0.1275
0.127656
0.127813
0.127969
0.128125
0.128281
0.128438
0.128594
0.12875
0.128906
0.129063
0.129219
0.129375
0.129531
0.129688
0.129844
0.13
0.130156
0.130313
0.130469
0.130625
0.130781
0.130938
0.131094
0.13125
0.131406
0.131563
0.131719
0.131875
0.132031
0.132188
0.132344
0.1325
0.132656
0.132813
0.132969
0.133125
0.133281
0.133438
0.133594
0.13375
0.133906
0.134063
0.134219
0.134375
0.134531
0.134688
0.134844
0.135
0.135156
0.135313
0.135469
0.135625
0.135781
0.135938
0.136094
0.13625
0.136406
0.136563
0.136719
0.136875
0.137031
0.137188
0.137344
0.1375
0.137656
0.137813
0.137969
0.138125
0.138281
0.138438
0.138594
0.13875
0.138906
0.139063
0.139219
0.139375
0.139531
0.139688
0.139844
0.14
0.140156
0.140313
0.140469
0.140625
0.140781
0.140938
0.141094
0.14125
0.141406
0.141563
0.141719
0.141875
0.142031
0.142188
0.142344
0.1425
0.142656
0.142813
0.142969
0.143125
0.143281
0.143438
0.143594
0.14375
0.143906
0.144063
0.144219
0.144375
0.144531
0.144688
0.144844
0.145
0.145156
0.145313
0.145469
0.145625
0.145781
0.145938
0.146094
0.14625
0.146406
0.146563
0.146719
0.146875
0.147031
0.147188
0.147344
0.1475
0.147656
0.147813
0.147969
0.148125
0.148281
0.148438
0.148594
0.14875
0.148906
0.149063
0.149219
0.149375
0.149531
0.149688
0.149844
0.15
0.150156
0.150313
0.150469
0.150625
0.150781
0.150938
0.151094
0.15125
0.151406
0.151563
0.151719
0.151875
0.152031
0.152188
0.152344
0.1525
0.152656
0.152813
0.152969
0.153125
0.153281
0.153438
0.153594
0.15375
0.153906
0.154063
0.154219
0.154375
0.154531
0.154688
0.154844
0.155
0.155156
0.155313
0.155469
0.155625
0.155781
0.155938
0.156094
0.15625
0.156406
0.156563
0.156719
0.156875
0.157031
0.157188
0.157344
0.1575
0.157656
0.157813
0.157969
0.158125
0.158281
0.158438
0.158594
0.15875
0.158906
0.159063
0.159219
0.159375
0.159531
0.159688
0.159844
0.16
0.160156
0.160313
0.160469
0.160625
0.160781
0.160938
0.161094
0.16125
0.161406
0.161563
0.161719
0.161875
0.162031
0.162188
0.162344
0.1625
0.162656
0.162813
0.162969
0.163125
0.163281
0.163438
0.163594
0.16375
0.163906
0.164063
0.164219
0.164375
0.164531
0.164688
0.164844
0.165
0.165156
0.165313
0.165469
0.165625
0.165781
0.165938
0.166094
0.16625
0.166406
0.166563
0.166719
0.166875
0.167031
0.167188
0.167344
0.1675
0.167656
0.167813
0.167969
0.168125
0.168281
0.168438
0.168594
0.16875
0.168906
0.169063
0.169219
0.169375
0.169531
0.169688
0.169844
0.17
0.170156
0.170313
0.170469
0.170625
0.170781
0.170938
0.171094
0.17125
0.171406
0.171563
0.171719
0.171875
0.172031
0.172188
0.172344
0.1725
0.172656
0.172813
0.172969
0.173125
0.173281
0.173437
0.173594
0.17375
0.173906
0.174062
0.174219
0.174375
0.174531
0.174687
0.174844
0.175
0.175156
0.175312
0.175469
0.175625
0.175781
0.175937
0.176094
0.17625
0.176406
0.176562
0.176719
0.176875
0.177031
0.177187
0.177344
0.1775
0.177656
0.177812
0.177969
0.178125
0.178281
0.178437
0.178594
0.17875
0.178906
0.179062
0.179219
0.179375
0.179531
0.179687
0.179844
0.18
0.180156
0.180312
0.180469
0.180625
0.180781
0.180937
0.181094
0.18125
0.181406
0.181562
0.181719
0.181875
0.182031
0.182187
0.182344
0.1825
0.182656
0.182812
0.182969
0.183125
0.183281
0.183437
0.183594
0.18375
0.183906
0.184062
0.184219
0.184375
0.184531
0.184687
0.184844
0.185
0.185156
0.185312
0.185469
0.185625
0.185781
0.185937
0.186094
0.18625
0.186406
0.186562
0.186719
0.186875
0.187031
0.187187
0.187344
0.1875
0.187656
0.187812
0.187969
0.188125
0.188281
0.188437
0.188594
0.18875
0.188906
0.189062
0.189219
0.189375
0.189531
0.189687
0.189844
0.19
0.190156
0.190312
0.190469
0.190625
0.190781
0.190937
0.191094
0.19125
0.191406
0.191562
0.191719
0.191875
0.192031
0.192187
0.192344
0.1925
0.192656
0.192812
0.192969
0.193125
0.193281
0.193437
0.193594
0.19375
0.193906
0.194062
0.194219
0.194375
0.194531
0.194687
0.194844
0.195
0.195156
0.195312
0.195469
0.195625
0.195781
0.195937
0.196094
0.19625
0.196406
0.196562
0.196719
0.196875
0.197031
0.197187
0.197344
0.1975
0.197656
0.197812
0.197969
0.198125
0.198281
0.198437
0.198594
0.19875
0.198906
0.199062
0.199219
0.199375
0.199531
0.199687
0.199844
0.2
0.200156
0.200312
0.200469
0.200625
0.200781
0.200937
0.201094
0.20125
0.201406
0.201562
0.201719
0.201875
0.202031
0.202187
0.202344
0.2025
0.202656
0.202812
0.202969
0.203125
0.203281
0.203437
0.203594
0.20375
0.203906
0.204062
0.204219
0.204375
0.204531
0.204687
0.204844
0.205
0.205156
0.205312
0.205469
0.205625
0.205781
0.205937
0.206094
0.20625
0.206406
0.206562
0.206719
0.206875
0.207031
0.207187
0.207344
0.2075
0.207656
0.207812
0.207969
0.208125
0.208281
0.208437
0.208594
0.20875
0.208906
0.209062
0.209219
0.209375
0.209531
0.209687
0.209844
0.21
0.210156
0.210312
0.210469
0.210625
0.210781
0.210937
0.211094
0.21125
0.211406
0.211562
0.211719
0.211875
0.212031
0.212187
0.212344
0.2125
0.212656
0.212812
0.212969
0.213125
0.213281
0.213437
0.213594
0.21375
0.213906
0.214062
0.214219
0.214375
0.214531
0.214687
0.214844
0.215
0.215156
0.215312
0.215469
0.215625
0.215781
0.215937
0.216094
0.21625
0.216406
0.216562
0.216719
0.216875
0.217031
0.217187
0.217344
0.2175
0.217656
0.217812
0.217969
0.218125
0.218281
0.218437
0.218594
0.21875
0.218906
0.219062
0.219219
0.219375
0.219531
0.219687
0.219844
0.22
0.220156
0.220312
0.220469
0.220625
0.220781
0.220937
0.221094
0.22125
0.221406
0.221562
0.221719
0.221875
0.222031
0.222187
0.222344
0.2225
0.222656
0.222812
0.222969
0.223125
0.223281
0.223437
0.223594
0.22375
0.223906
0.224062
0.224219
0.224375
0.224531
0.224687
0.224844
0.225
0.225156
0.225312
0.225469
0.225625
0.225781
0.225937
0.226094
0.22625
0.226406
0.226562
0.226719
0.226875
0.227031
0.227187
0.227344
0.2275
0.227656
0.227812
0.227969
0.228125
0.228281
0.228437
0.228594
0.22875
0.228906
0.229062
0.229219
0.229375
0.229531
0.229687
0.229844
0.23
0.230156
0.230312
0.230469
0.230625
0.230781
0.230937
0.231094
0.23125
0.231406
0.231562
0.231719
0.231875
0.232031
0.232187
0.232344
0.2325
0.232656
0.232812
0.232969
0.233125
0.233281
0.233437
0.233594
0.23375
0.233906
0.234062
0.234219
0.234375
0.234531
0.234687
0.234844
0.235
0.235156
0.235312
0.235469
0.235625
0.235781
0.235937
0.236094
0.23625
0.236406
0.236562
0.236719
0.236875
0.237031
0.237187
0.237344
0.2375
0.237656
0.237812
0.237969
0.238125
0.238281
0.238437
0.238594
0.23875
0.238906
0.239062
0.239219
0.239375
0.239531
0.239687
0.239844
0.24
0.240156
0.240312
0.240469
0.240625
0.240781
0.240937
0.241094
0.24125
0.241406
0.241562
0.241719
0.241875
0.242031
0.242187
0.242344
0.2425
0.242656
0.242812
0.242969
0.243125
0.243281
0.243437
0.243594
0.24375
0.243906
0.244062
0.244219
0.244375
0.244531
0.244687
0.244844
0.245
0.245156
0.245312
0.245469
0.245625
0.245781
0.245937
0.246094
0.24625
0.246406
0.246562
0.246719
0.246875
0.247031
0.247187
0.247344
0.2475
0.247656
0.247812
0.247969
0.248125
0.248281
0.248437
0.248594
0.24875
0.248906
0.249062
0.249219
0.249375
0.249531
0.249687
0.249844
0.25
0.250156
0.250312
0.250469
0.250625
0.250781
0.250937
0.251094
0.25125
0.251406
0.251562
0.251719
0.251875
0.252031
0.252187
0.252344
0.2525
0.252656
0.252812
0.252969
0.253125
0.253281
0.253437
0.253594
0.25375
0.253906
0.254062
0.254219
0.254375
0.254531
0.254687
0.254844
0.255
0.255156
0.255312
0.255469
0.255625
0.255781
0.255937
0.256094
0.25625
0.256406
0.256562
0.256719
0.256875
0.257031
0.257187
0.257344
0.2575
0.257656
0.257812
0.257969
0.258125
0.258281
0.258437
0.258594
0.25875
0.258906
0.259062
0.259219
0.259375
0.259531
0.259687
0.259844
0.26
0.260156
0.260312
0.260469
0.260625
0.260781
0.260937
0.261094
0.26125
0.261406
0.261562
0.261719
0.261875
0.262031
0.262187
0.262344
0.2625
0.262656
0.262812
0.262969
0.263125
0.263281
0.263437
0.263594
0.26375
0.263906
0.264062
0.264219
0.264375
0.264531
0.264687
0.264844
0.265
0.265156
0.265312
0.265469
0.265625
0.265781
0.265937
0.266094
0.26625
0.266406
0.266562
0.266719
0.266875
0.267031
0.267187
0.267344
0.2675
0.267656
0.267812
0.267969
0.268125
0.268281
0.268437
0.268594
0.26875
0.268906
0.269062
0.269219
0.269375
0.269531
0.269687
0.269844
0.27
0.270156
0.270312
0.270469
0.270625
0.270781
0.270937
0.271094
0.27125
0.271406
0.271562
0.271719
0.271875
0.272031
0.272187
0.272344
0.2725
0.272656
0.272812
0.272969
0.273125
0.273281
0.273437
0.273594
0.27375
0.273906
0.274062
0.274219
0.274375
0.274531
0.274687
0.274844
0.275
0.275156
0.275312
0.275469
0.275625
0.275781
0.275937
0.276094
0.27625
0.276406
0.276562
0.276719
0.276875
0.277031
0.277187
0.277344
0.2775
0.277656
0.277812
0.277969
0.278125
0.278281
0.278437
0.278594
0.27875
0.278906
0.279062
0.279219
0.279375
0.279531
0.279687
0.279844
0.28
0.280156
0.280312
0.280469
0.280625
0.280781
0.280937
0.281094
0.28125
0.281406
0.281562
0.281719
0.281875
0.282031
0.282187
0.282344
0.2825
0.282656
0.282812
0.282969
0.283125
0.283281
0.283437
0.283594
0.28375
0.283906
0.284062
0.284219
0.284375
0.284531
0.284687
0.284844
0.285
0.285156
0.285312
0.285469
0.285625
0.285781
0.285937
0.286094
0.28625
0.286406
0.286562
0.286719
0.286875
0.287031
0.287187
0.287344
0.2875
0.287656
0.287812
0.287969
0.288125
0.288281
0.288437
0.288594
0.28875
0.288906
0.289062
0.289219
0.289375
0.289531
0.289687
0.289844
0.29
0.290156
0.290312
0.290469
0.290625
0.290781
0.290937
0.291094
0.29125
0.291406
0.291562
0.291719
0.291875
0.292031
0.292187
0.292344
0.2925
0.292656
0.292812
0.292969
0.293125
0.293281
0.293437
0.293594
0.29375
0.293906
0.294062
0.294219
0.294375
0.294531
0.294687
0.294844
0.295
0.295156
0.295312
0.295469
0.295625
0.295781
0.295937
0.296094
0.29625
0.296406
0.296562
0.296719
0.296875
0.297031
0.297187
0.297344
0.2975
0.297656
0.297812
0.297969
0.298125
0.298281
0.298437
0.298594
0.29875
0.298906
0.299062
0.299219
0.299375
0.299531
0.299687
0.299844
0.3
0.300156
0.300312
0.300469
0.300625
0.300781
0.300937
0.301094
0.30125
0.301406
0.301562
0.301719
0.301875
0.302031
0.302187
0.302344
0.3025
0.302656
0.302812
0.302969
0.303125
0.303281
0.303437
0.303594
0.30375
0.303906
0.304062
0.304219
0.304375
0.304531
0.304687
0.304844
0.305
0.305156
0.305312
0.305469
0.305625
0.305781
0.305937
0.306094
0.30625
0.306406
0.306562
0.306719
0.306875
0.307031
0.307187
0.307344
0.3075
0.307656
0.307812
0.307969
0.308125
0.308281
0.308437
0.308594
0.30875
0.308906
0.309062
0.309219
0.309375
0.309531
0.309687
0.309844
0.31
0.310156
0.310312
0.310469
0.310625
0.310781
0.310937
0.311094
0.31125
0.311406
0.311562
0.311719
0.311875
0.312031
0.312187
0.312344
0.3125
0.312656
0.312812
0.312969
0.313125
0.313281
0.313437
0.313594
0.31375
0.313906
0.314062
0.314219
0.314375
0.314531
0.314687
0.314844
0.315
0.315156
0.315312
0.315469
0.315625
0.315781
0.315937
0.316094
0.31625
0.316406
0.316562
0.316719
0.316875
0.317031
0.317187
0.317344
0.3175
0.317656
0.317812
0.317969
0.318125
0.318281
0.318437
0.318594
0.31875
0.318906
0.319062
0.319219
0.319375
0.319531
0.319687
0.319844
0.32
0.320156
0.320312
0.320469
0.320625
0.320781
0.320937
0.321094
0.32125
0.321406
0.321562
0.321719
0.321875
0.322031
0.322187
0.322344
0.3225
0.322656
0.322812
0.322969
0.323125
0.323281
0.323437
0.323594
0.32375
0.323906
0.324062
0.324219
0.324375
0.324531
0.324687
0.324844
0.325
0.325156
0.325312
0.325469
0.325625
0.325781
0.325937
0.326094
0.32625
0.326406
0.326562
0.326719
0.326875
0.327031
0.327187
0.327344
0.3275
0.327656
0.327812
0.327969
0.328125
0.328281
0.328437
0.328594
0.32875
0.328906
0.329062
0.329219
0.329375
0.329531
0.329687
0.329844
0.33
0.330156
0.330312
0.330469
0.330625
0.330781
0.330937
0.331094
0.33125
0.331406
0.331562
0.331719
0.331875
0.332031
0.332187
0.332344
0.3325
0.332656
0.332812
0.332969
0.333125
0.333281
0.333437
0.333594
0.33375
0.333906
0.334062
0.334219
0.334375
0.334531
0.334687
0.334844
0.335
0.335156
0.335312
0.335469
0.335625
0.335781
0.335937
0.336094
0.33625
0.336406
0.336562
0.336719
0.336875
0.337031
0.337187
0.337344
0.3375
0.337656
0.337812
0.337969
0.338125
0.338281
0.338437
0.338594
0.33875
0.338906
0.339062
0.339219
0.339375
0.339531
0.339687
0.339844
0.34
0.340156
0.340312
0.340469
0.340625
0.340781
0.340937
0.341094
0.34125
0.341406
0.341562
0.341719
0.341875
0.342031
0.342187
0.342344
0.3425
0.342656
0.342812
0.342969
0.343125
0.343281
0.343437
0.343594
0.34375
0.343906
0.344062
0.344219
0.344375
0.344531
0.344687
0.344844
0.345
0.345156
0.345312
0.345469
0.345625
0.345781
0.345937
0.346094
0.34625
0.346406
0.346562
0.346719
0.346875
0.347031
0.347187
0.347344
0.3475
0.347656
0.347812
0.347969
0.348125
0.348281
0.348437
0.348594
0.34875
0.348906
0.349062
0.349219
0.349375
0.349531
0.349687
0.349844
0.35
0.350156
0.350312
0.350469
0.350625
0.350781
0.350937
0.351094
0.35125
0.351406
0.351562
0.351719
0.351875
0.352031
0.352187
0.352344
0.3525
0.352656
0.352812
0.352969
0.353125
0.353281
0.353437
0.353594
0.35375
0.353906
0.354062
0.354219
0.354375
0.354531
0.354687
0.354844
0.355
0.355156
0.355312
0.355469
0.355625
0.355781
0.355937
0.356094
0.35625
0.356406
0.356562
0.356719
0.356875
0.357031
0.357187
0.357344
0.3575
0.357656
0.357812
0.357969
0.358125
0.358281
0.358437
0.358594
0.35875
0.358906
0.359062
0.359219
0.359375
0.359531
0.359687
0.359844
0.36
0.360156
0.360312
0.360469
0.360625
0.360781
0.360937
0.361094
0.36125
0.361406
0.361562
0.361719
0.361875
0.362031
0.362187
0.362344
0.3625
0.362656
0.362812
0.362969
0.363125
0.363281
0.363437
0.363594
0.36375
0.363906
0.364062
0.364219
0.364375
0.364531
0.364687
0.364844
0.365
0.365156
0.365312
0.365469
0.365625
0.365781
0.365937
0.366094
0.36625
0.366406
0.366562
0.366719
0.366875
0.367031
0.367187
0.367344
0.3675
0.367656
0.367812
0.367969
0.368125
0.368281
0.368437
0.368594
0.36875
0.368906
0.369062
0.369219
0.369375
0.369531
0.369687
0.369844
0.37
0.370156
0.370312
0.370469
0.370625
0.370781
0.370937
0.371094
0.37125
0.371406
0.371562
0.371719
0.371875
0.372031
0.372187
0.372344
0.3725
0.372656
0.372812
0.372969
0.373125
0.373281
0.373437
0.373594
0.37375
0.373906
0.374062
0.374219
0.374375
0.374531
0.374687
0.374844
0.375
0.375156
0.375312
0.375469
0.375625
0.375781
0.375937
0.376094
0.37625
0.376406
0.376562
0.376719
0.376875
0.377031
0.377187
0.377344
0.3775
0.377656
0.377812
0.377969
0.378125
0.378281
0.378437
0.378594
0.37875
0.378906
0.379062
0.379219
0.379375
0.379531
0.379687
0.379844
0.38
0.380156
0.380312
0.380469
0.380625
0.380781
0.380937
0.381094
0.38125
0.381406
0.381562
0.381719
0.381875
0.382031
0.382187
0.382344
0.3825
0.382656
0.382812
0.382969
0.383125
0.383281
0.383437
0.383594
0.38375
0.383906
0.384062
0.384219
0.384375
0.384531
0.384687
0.384844
0.385
0.385156
0.385312
0.385469
0.385625
0.385781
0.385937
0.386094
0.38625
0.386406
0.386562
0.386719
0.386875
0.387031
0.387187
0.387344
0.3875
0.387656
0.387812
0.387969
0.388125
0.388281
0.388437
0.388594
0.38875
0.388906
0.389062
0.389219
0.389375
0.389531
0.389687
0.389844
0.39
0.390156
0.390312
0.390469
0.390625
0.390781
0.390937
0.391094
0.39125
0.391406
0.391562
0.391719
0.391875
0.392031
0.392187
0.392344
0.3925
0.392656
0.392812
0.392969
0.393125
0.393281
0.393437
0.393594
0.39375
0.393906
0.394062
0.394219
0.394375
0.394531
0.394687
0.394844
0.395
0.395156
0.395312
0.395469
0.395625
0.395781
0.395937
0.396094
0.39625
0.396406
0.396562
0.396719
0.396875
0.397031
0.397187
0.397344
0.3975
0.397656
0.397812
0.397969
0.398125
0.398281
0.398437
0.398594
0.39875
0.398906
0.399062
0.399219
0.399375
0.399531
0.399687
0.399844
0.4
0.400156
0.400312
0.400469
0.400625
0.400781
0.400937
0.401094
0.40125
0.401406
0.401562
0.401719
0.401875
0.402031
0.402187
0.402344
0.4025
0.402656
0.402812
0.402969
0.403125
0.403281
0.403437
0.403594
0.40375
0.403906
0.404062
0.404219
0.404375
0.404531
0.404687
0.404844
0.405
0.405156
0.405312
0.405469
0.405625
0.405781
0.405937
0.406094
0.40625
0.406406
0.406562
0.406719
0.406875
0.407031
0.407187
0.407344
0.4075
0.407656
0.407812
0.407969
0.408125
0.408281
0.408437
0.408594
0.40875
0.408906
0.409062
0.409219
0.409375
0.409531
0.409687
0.409844
0.41
0.410156
0.410312
0.410469
0.410625
0.410781
0.410937
0.411094
0.41125
0.411406
0.411562
0.411719
0.411875
0.412031
0.412187
0.412344
0.4125
0.412656
0.412812
0.412969
0.413125
0.413281
0.413437
0.413594
0.41375
0.413906
0.414062
0.414219
0.414375
0.414531
0.414687
0.414844
0.415
0.415156
0.415312
0.415469
0.415625
0.415781
0.415937
0.416094
0.41625
0.416406
0.416562
0.416719
0.416875
0.417031
0.417187
0.417344
0.4175
0.417656
0.417812
0.417969
0.418125
0.418281
0.418437
0.418594
0.41875
0.418906
0.419062
0.419219
0.419375
0.419531
0.419687
0.419844
0.42
0.420156
0.420312
0.420469
0.420625
0.420781
0.420937
0.421094
0.42125
0.421406
0.421562
0.421719
0.421875
0.422031
0.422187
0.422344
0.4225
0.422656
0.422812
0.422969
0.423125
0.423281
0.423437
0.423594
0.42375
0.423906
0.424062
0.424219
0.424375
0.424531
0.424687
0.424844
0.425
0.425156
0.425312
0.425469
0.425625
0.425781
0.425937
0.426094
0.42625
0.426406
0.426562
0.426719
0.426875
0.427031
0.427187
0.427344
0.4275
0.427656
0.427812
0.427969
0.428125
0.428281
0.428437
0.428594
0.42875
0.428906
0.429062
0.429219
0.429375
0.429531
0.429687
0.429844
0.43
0.430156
0.430312
0.430469
0.430625
0.430781
0.430937
0.431094
0.43125
0.431406
0.431562
0.431719
0.431875
0.432031
0.432187
0.432344
0.4325
0.432656
0.432812
0.432969
0.433125
0.433281
0.433437
0.433594
0.43375
0.433906
0.434062
0.434219
0.434375
0.434531
0.434687
0.434844
0.435
0.435156
0.435312
0.435469
0.435625
0.435781
0.435937
0.436094
0.43625
0.436406
0.436562
0.436719
0.436875
0.437031
0.437187
0.437344
0.4375
0.437656
0.437812
0.437969
0.438125
0.438281
0.438437
0.438594
0.43875
0.438906
0.439062
0.439219
0.439375
0.439531
0.439687
0.439844
0.44
0.440156
0.440312
0.440469
0.440625
0.440781
0.440937
0.441094
0.44125
0.441406
0.441562
0.441719
0.441875
0.442031
0.442187
0.442344
0.4425
0.442656
0.442812
0.442969
0.443125
0.443281
0.443437
0.443594
0.44375
0.443906
0.444062
0.444219
0.444375
0.444531
0.444687
0.444844
0.445
0.445156
0.445312
0.445469
0.445625
0.445781
0.445937
0.446094
0.44625
0.446406
0.446562
0.446719
0.446875
0.447031
0.447187
0.447344
0.4475
0.447656
0.447812
0.447969
0.448125
0.448281
0.448437
0.448594
0.44875
0.448906
0.449062
0.449219
0.449375
0.449531
0.449687
0.449844
0.45
0.450156
0.450312
0.450469
0.450625
0.450781
0.450937
0.451094
0.45125
0.451406
0.451562
0.451719
0.451875
0.452031
0.452187
0.452344
0.4525
0.452656
0.452812
0.452969
0.453125
0.453281
0.453437
0.453594
0.45375
0.453906
0.454062
0.454219
0.454375
0.454531
0.454687
0.454844
0.455
0.455156
0.455312
0.455469
0.455625
0.455781
0.455937
0.456094
0.45625
0.456406
0.456562
0.456719
0.456875
0.457031
0.457187
0.457344
0.4575
0.457656
0.457812
0.457969
0.458125
0.458281
0.458437
0.458594
0.45875
0.458906
0.459062
0.459219
0.459375
0.459531
0.459687
0.459844
0.46
0.460156
0.460312
0.460469
0.460625
0.460781
0.460937
0.461094
0.46125
0.461406
0.461562
0.461719
0.461875
0.462031
0.462187
0.462344
0.4625
0.462656
0.462812
0.462969
0.463125
0.463281
0.463437
0.463594
0.46375
0.463906
0.464062
0.464219
0.464375
0.464531
0.464687
0.464844
0.465
0.465156
0.465312
0.465469
0.465625
0.465781
0.465937
0.466094
0.46625
0.466406
0.466562
0.466719
0.466875
0.467031
0.467187
0.467344
0.4675
0.467656
0.467812
0.467969
0.468125
0.468281
0.468437
0.468594
0.46875
0.468906
0.469062
0.469219
0.469375
0.469531
0.469687
0.469844
0.47
0.470156
0.470312
0.470469
0.470625
0.470781
0.470937
0.471094
0.47125
0.471406
0.471562
0.471719
0.471875
0.472031
0.472187
0.472344
0.4725
0.472656
0.472812
0.472969
0.473125
0.473281
0.473437
0.473594
0.47375
0.473906
0.474062
0.474219
0.474375
0.474531
0.474687
0.474844
0.475
0.475156
0.475312
0.475469
0.475625
0.475781
0.475937
0.476094
0.47625
0.476406
0.476562
0.476719
0.476875
0.477031
0.477187
0.477344
0.4775
0.477656
0.477812
0.477969
0.478125
0.478281
0.478437
0.478594
0.47875
0.478906
0.479062
0.479219
0.479375
0.479531
0.479687
0.479844
0.48
0.480156
0.480312
0.480469
0.480625
0.480781
0.480937
0.481094
0.48125
0.481406
0.481562
0.481719
0.481875
0.482031
0.482187
0.482344
0.4825
0.482656
0.482812
0.482969
0.483125
0.483281
0.483437
0.483594
0.48375
0.483906
0.484062
0.484219
0.484375
0.484531
0.484687
0.484844
0.485
0.485156
0.485312
0.485469
0.485625
0.485781
0.485937
0.486094
0.48625
0.486406
0.486562
0.486719
0.486875
0.487031
0.487187
0.487344
0.4875
0.487656
0.487812
0.487969
0.488125
0.488281
0.488437
0.488594
0.48875
0.488906
0.489062
0.489219
0.489375
0.489531
0.489687
0.489844
0.49
0.490156
0.490312
0.490469
0.490625
0.490781
0.490937
0.491094
0.49125
0.491406
0.491562
0.491719
0.491875
0.492031
0.492187
0.492344
0.4925
0.492656
0.492812
0.492969
0.493125
0.493281
0.493437
0.493594
0.49375
0.493906
0.494062
0.494219
0.494375
0.494531
0.494687
0.494844
0.495
0.495156
0.495312
0.495469
0.495625
0.495781
0.495937
0.496094
0.49625
0.496406
0.496562
0.496719
0.496875
0.497031
0.497187
0.497344
0.4975
0.497656
0.497812
0.497969
0.498125
0.498281
0.498437
0.498594
0.49875
0.498906
0.499062
0.499219
0.499375
0.499531
0.499687
0.499844
0.5
7.8125e-05
0.00015625
0.000234375
0.0003125
0.000390625
0.00046875
0.000546875
0.000625
0.000703125
0.00078125
0.000859375
0.0009375
0.00101562
0.00109375
0.00117187
0.00125
0.00132812
0.00140625
0.00148437
0.0015625
0.00164062
0.00171875
0.00179687
0.001875
0.00195312
0.00203125
0.00210937
0.0021875
0.00226562
0.00234375
0.00242187
0.0025
0.00257812
0.00265625
0.00273437
0.0028125
0.00289062
0.00296875
0.00304687
0.003125
0.00320312
0.00328125
0.00335937
0.0034375
0.00351562
0.00359375
0.00367187
0.00375
0.00382812
0.00390625
0.00398437
0.0040625
0.00414062
0.00421875
0.00429687
0.004375
0.00445312
0.00453125
0.00460937
0.0046875
0.00476562
0.00484375
0.00492187
0.005
0.00507812
0.00515625
0.00523437
0.0053125
0.00539062
0.00546875
0.00554687
0.005625
0.00570312
0.00578125
0.00585937
0.0059375
0.00601562
0.00609375
0.00617187
0.00625
0.00632812
0.00640625
0.00648437
0.0065625
0.00664062
0.00671875
0.00679687
0.006875
0.00695312
0.00703125
0.00710937
0.0071875
0.00726562
0.00734375
0.00742187
0.0075
0.00757812
0.00765625
0.00773437
0.0078125
0.00789062
0.00796875
0.00804687
0.008125
0.00820312
0.00828125
0.00835937
0.0084375
0.00851562
0.00859375
0.00867187
0.00875
0.00882812
0.00890625
0.00898437
0.0090625
0.00914062
0.00921875
0.00929687
0.009375
0.00945312
0.00953125
0.00960937
0.0096875
0.00976562
0.00984375
0.00992187
0.01
0.0100781
0.0101562
0.0102344
0.0103125
0.0103906
0.0104687
0.0105469
0.010625
0.0107031
0.0107812
0.0108594
0.0109375
0.0110156
0.0110937
0.0111719
0.01125
0.0113281
0.0114062
0.0114844
0.0115625
0.0116406
0.0117187
0.0117969
0.011875
0.0119531
0.0120312
0.0121094
0.0121875
0.0122656
0.0123437
0.0124219
0.0125
0.0125781
0.0126562
0.0127344
0.0128125
0.0128906
0.0129687
0.0130469
0.013125
0.0132031
0.0132812
0.0133594
0.0134375
0.0135156
0.0135937
0.0136719
0.01375
0.0138281
0.0139062
0.0139844
0.0140625
0.0141406
0.0142187
0.0142969
0.014375
0.0144531
0.0145312
0.0146094
0.0146875
0.0147656
0.0148437
0.0149219
0.015
0.0150781
0.0151562
0.0152344
0.0153125
0.0153906
0.0154687
0.0155469
0.015625
0.0157031
0.0157812
0.0158594
0.0159375
0.0160156
0.0160937
0.0161719
0.01625
0.0163281
0.0164062
0.0164844
0.0165625
0.0166406
0.0167187
0.0167969
0.016875
0.0169531
0.0170312
0.0171094
0.0171875
0.0172656
0.0173437
0.0174219
0.0175
0.0175781
0.0176562
0.0177344
0.0178125
0.0178906
0.0179687
0.0180469
0.018125
0.0182031
0.0182812
0.0183594
0.0184375
0.0185156
0.0185937
0.0186719
0.01875
0.0188281
0.0189062
0.0189844
0.0190625
0.0191406
0.0192187
0.0192969
0.019375
0.0194531
0.0195312
0.0196094
0.0196875
0.0197656
0.0198437
0.0199219
0.02
0.0200781
0.0201562
0.0202344
0.0203125
0.0203906
0.0204687
0.0205469
0.020625
0.0207031
0.0207812
0.0208594
0.0209375
0.0210156
0.0210937
0.0211719
0.02125
0.0213281
0.0214062
0.0214844
0.0215625
0.0216406
0.0217187
0.0217969
0.021875
0.0219531
0.0220312
0.0221094
0.0221875
0.0222656
0.0223437
0.0224219
0.0225
0.0225781
0.0226562
0.0227344
0.0228125
0.0228906
0.0229687
0.0230469
0.023125
0.0232031
0.0232812
0.0233594
0.0234375
0.0235156
0.0235937
0.0236719
0.02375
0.0238281
0.0239062
0.0239844
0.0240625
0.0241406
0.0242187
0.0242969
0.024375
0.0244531
0.0245312
0.0246094
0.0246875
0.0247656
0.0248437
0.0249219
0.025
0.0250781
0.0251562
0.0252344
0.0253125
0.0253906
0.0254687
0.0255469
0.025625
0.0257031
0.0257812
0.0258594
0.0259375
0.0260156
0.0260937
0.0261719
0.02625
0.0263281
0.0264062
0.0264844
0.0265625
0.0266406
0.0267187
0.0267969
0.026875
0.0269531
0.0270312
0.0271094
0.0271875
0.0272656
0.0273437
0.0274219
0.0275
0.0275781
0.0276562
0.0277344
0.0278125
0.0278906
0.0279687
0.0280469
0.028125
0.0282031
0.0282812
0.0283594
0.0284375
0.0285156
0.0285937
0.0286719
0.02875
0.0288281
0.0289062
0.0289844
0.0290625
0.0291406
0.0292187
0.0292969
0.029375
0.0294531
0.0295312
0.0296094
0.0296875
0.0297656
0.0298437
0.0299219
0.03
0.0300781
0.0301562
0.0302344
0.0303125
0.0303906
0.0304687
0.0305469
0.030625
0.0307031
0.0307812
0.0308594
0.0309375
0.0310156
0.0310937
0.0311719
0.03125
0.0313281
0.0314062
0.0314844
0.0315625
0.0316406
0.0317187
0.0317969
0.031875
0.0319531
0.0320312
0.0321094
0.0321875
0.0322656
0.0323437
0.0324219
0.0325
0.0325781
0.0326562
0.0327344
0.0328125
0.0328906
0.0329687
0.0330469
0.033125
0.0332031
0.0332812
0.0333594
0.0334375
0.0335156
0.0335937
0.0336719
0.03375
0.0338281
0.0339062
0.0339844
0.0340625
0.0341406
0.0342187
0.0342969
0.034375
0.0344531
0.0345312
0.0346094
0.0346875
0.0347656
0.0348437
0.0349219
0.035
0.0350781
0.0351562
0.0352344
0.0353125
0.0353906
0.0354687
0.0355469
0.035625
0.0357031
0.0357812
0.0358594
0.0359375
0.0360156
0.0360937
0.0361719
0.03625
0.0363281
0.0364062
0.0364844
0.0365625
0.0366406
0.0367187
0.0367969
0.036875
0.0369531
0.0370312
0.0371094
0.0371875
0.0372656
0.0373437
0.0374219
0.0375
0.0375781
0.0376562
0.0377344
0.0378125
0.0378906
0.0379687
0.0380469
0.038125
0.0382031
0.0382812
0.0383594
0.0384375
0.0385156
0.0385937
0.0386719
0.03875
0.0388281
0.0389062
0.0389844
0.0390625
0.0391406
0.0392187
0.0392969
0.039375
0.0394531
0.0395312
0.0396094
0.0396875
0.0397656
0.0398437
0.0399219
0.04
0.0400781
0.0401562
0.0402344
0.0403125
0.0403906
0.0404687
0.0405469
0.040625
0.0407031
0.0407812
0.0408594
0.0409375
0.0410156
0.0410937
0.0411719
0.04125
0.0413281
0.0414062
0.0414844
0.0415625
0.0416406
0.0417187
0.0417969
0.041875
0.0419531
0.0420312
0.0421094
0.0421875
0.0422656
0.0423437
0.0424219
0.0425
0.0425781
0.0426562
0.0427344
0.0428125
0.0428906
0.0429687
0.0430469
0.043125
0.0432031
0.0432812
0.0433594
0.0434375
0.0435156
0.0435937
0.0436719
0.04375
0.0438281
0.0439062
0.0439844
0.0440625
0.0441406
0.0442187
0.0442969
0.044375
0.0444531
0.0445312
0.0446094
0.0446875
0.0447656
0.0448437
0.0449219
0.045
0.0450781
0.0451562
0.0452344
0.0453125
0.0453906
0.0454687
0.0455469
0.045625
0.0457031
0.0457812
0.0458594
0.0459375
0.0460156
0.0460937
0.0461719
0.04625
0.0463281
0.0464062
0.0464844
0.0465625
0.0466406
0.0467187
0.0467969
0.046875
0.0469531
0.0470312
0.0471094
0.0471875
0.0472656
0.0473437
0.0474219
0.0475
0.0475781
0.0476562
0.0477344
0.0478125
0.0478906
0.0479687
0.0480469
0.048125
0.0482031
0.0482812
0.0483594
0.0484375
0.0485156
0.0485937
0.0486719
0.04875
0.0488281
0.0489062
0.0489844
0.0490625
0.0491406
0.0492187
0.0492969
0.049375
0.0494531
0.0495312
0.0496094
0.0496875
0.0497656
0.0498437
0.0499219
0.05
0.0500781
0.0501562
0.0502344
0.0503125
0.0503906
0.0504687
0.0505469
0.050625
0.0507031
0.0507812
0.0508594
0.0509375
0.0510156
0.0510937
0.0511719
0.05125
0.0513281
0.0514062
0.0514844
0.0515625
0.0516406
0.0517187
0.0517969
0.051875
0.0519531
0.0520312
0.0521094
0.0521875
0.0522656
0.0523437
0.0524219
0.0525
0.0525781
0.0526562
0.0527344
0.0528125
0.0528906
0.0529687
0.0530469
0.053125
0.0532031
0.0532812
0.0533594
0.0534375
0.0535156
0.0535937
0.0536719
0.05375
0.0538281
0.0539062
0.0539844
0.0540625
0.0541406
0.0542187
0.0542969
0.054375
0.0544531
0.0545312
0.0546094
0.0546875
0.0547656
0.0548437
0.0549219
0.055
0.0550781
0.0551562
0.0552344
0.0553125
0.0553906
0.0554687
0.0555469
0.055625
0.0557031
0.0557812
0.0558594
0.0559375
0.0560156
0.0560937
0.0561719
0.05625
0.0563281
0.0564062
0.0564844
0.0565625
0.0566406
0.0567187
0.0567969
0.056875
0.0569531
0.0570312
0.0571094
0.0571875
0.0572656
0.0573437
0.0574219
0.0575
0.0575781
0.0576562
0.0577344
0.0578125
0.0578906
0.0579687
0.0580469
0.058125
0.0582031
0.0582812
0.0583594
0.0584375
0.0585156
0.0585937
0.0586719
0.05875
0.0588281
0.0589062
0.0589844
0.0590625
0.0591406
0.0592187
0.0592969
0.059375
0.0594531
0.0595312
0.0596094
0.0596875
0.0597656
0.0598437
0.0599219
0.06
0.0600781
0.0601562
0.0602344
0.0603125
0.0603906
0.0604687
0.0605469
0.060625
0.0607031
0.0607812
0.0608594
0.0609375
0.0610156
0.0610937
0.0611719
0.06125
0.0613281
0.0614062
0.0614844
0.0615625
0.0616406
0.0617187
0.0617969
0.061875
0.0619531
0.0620312
0.0621094
0.0621875
0.0622656
0.0623437
0.0624219
0.0625
0.0625781
0.0626562
0.0627344
0.0628125
0.0628906
0.0629687
0.0630469
0.063125
0.0632031
0.0632812
0.0633594
0.0634375
0.0635156
0.0635938
0.0636719
0.06375
0.0638281
0.0639063
0.0639844
0.0640625
0.0641406
0.0642188
0.0642969
0.064375
0.0644531
0.0645313
0.0646094
0.0646875
0.0647656
0.0648438
0.0649219
0.065
0.0650781
0.0651563
0.0652344
0.0653125
0.0653906
0.0654688
0.0655469
0.065625
0.0657031
0.0657813
0.0658594
0.0659375
0.0660156
0.0660938
0.0661719
0.06625
0.0663281
0.0664063
0.0664844
0.0665625
0.0666406
0.0667188
0.0667969
0.066875
0.0669531
0.0670313
0.0671094
0.0671875
0.0672656
0.0673438
0.0674219
0.0675
0.0675781
0.0676563
0.0677344
0.0678125
0.0678906
0.0679688
0.0680469
0.068125
0.0682031
0.0682813
0.0683594
0.0684375
0.0685156
0.0685938
0.0686719
0.06875
0.0688281
0.0689063
0.0689844
0.0690625
0.0691406
0.0692188
0.0692969
0.069375
0.0694531
0.0695313
0.0696094
0.0696875
0.0697656
0.0698438
0.0699219
0.07
0.0700781
0.0701563
0.0702344
0.0703125
0.0703906
0.0704688
0.0705469
0.070625
0.0707031
0.0707813
0.0708594
0.0709375
0.0710156
0.0710938
0.0711719
0.07125
0.0713281
0.0714063
0.0714844
0.0715625
0.0716406
0.0717188
0.0717969
0.071875
0.0719531
0.0720313
0.0721094
0.0721875
0.0722656
0.0723438
0.0724219
0.0725
0.0725781
0.0726563
0.0727344
0.0728125
0.0728906
0.0729688
0.0730469
0.073125
0.0732031
0.0732813
0.0733594
0.0734375
0.0735156
0.0735938
0.0736719
0.07375
0.0738281
0.0739063
0.0739844
0.0740625
0.0741406
0.0742188
0.0742969
0.074375
0.0744531
0.0745313
0.0746094
0.0746875
0.0747656
0.0748438
0.0749219
0.075
0.0750781
0.0751563
0.0752344
0.0753125
0.0753906
0.0754688
0.0755469
0.075625
0.0757031
0.0757813
0.0758594
0.0759375
0.0760156
0.0760938
0.0761719
0.07625
0.0763281
0.0764063
0.0764844
0.0765625
0.0766406
0.0767188
0.0767969
0.076875
0.0769531
0.0770313
0.0771094
0.0771875
0.0772656
0.0773438
0.0774219
0.0775
0.0775781
0.0776563
0.0777344
0.0778125
0.0778906
0.0779688
0.0780469
0.078125
0.0782031
0.0782813
0.0783594
0.0784375
0.0785156
0.0785938
0.0786719
0.07875
0.0788281
0.0789063
0.0789844
0.0790625
0.0791406
0.0792188
0.0792969
0.079375
0.0794531
0.0795313
0.0796094
0.0796875
0.0797656
0.0798438
0.0799219
0.08
0.0800781
0.0801563
0.0802344
0.0803125
0.0803906
0.0804688
0.0805469
0.080625
0.0807031
0.0807813
0.0808594
0.0809375
0.0810156
0.0810938
0.0811719
0.08125
0.0813281
0.0814063
0.0814844
0.0815625
0.0816406
0.0817188
0.0817969
0.081875
0.0819531
0.0820313
0.0821094
0.0821875
0.0822656
0.0823438
0.0824219
0.0825
0.0825781
0.0826563
0.0827344
0.0828125
0.0828906
0.0829688
0.0830469
0.083125
0.0832031
0.0832813
0.0833594
0.0834375
0.0835156
0.0835938
0.0836719
0.08375
0.0838281
0.0839063
0.0839844
0.0840625
0.0841406
0.0842188
0.0842969
0.084375
0.0844531
0.0845313
0.0846094
0.0846875
0.0847656
0.0848438
0.0849219
0.085
0.0850781
0.0851563
0.0852344
0.0853125
0.0853906
0.0854688
0.0855469
0.085625
0.0857031
0.0857813
0.0858594
0.0859375
0.0860156
0.0860938
0.0861719
0.08625
0.0863281
0.0864063
0.0864844
0.0865625
0.0866406
0.0867188
0.0867969
0.086875
0.0869531
0.0870313
0.0871094
0.0871875
0.0872656
0.0873438
0.0874219
0.0875
0.0875781
0.0876563
0.0877344
0.0878125
0.0878906
0.0879688
0.0880469
0.088125
0.0882031
0.0882813
0.0883594
0.0884375
0.0885156
0.0885938
0.0886719
0.08875
0.0888281
0.0889063
0.0889844
0.0890625
0.0891406
0.0892188
0.0892969
0.089375
0.0894531
0.0895313
0.0896094
0.0896875
0.0897656
0.0898438
0.0899219
0.09
0.0900781
0.0901563
0.0902344
0.0903125
0.0903906
0.0904688
0.0905469
0.090625
0.0907031
0.0907813
0.0908594
0.0909375
0.0910156
0.0910938
0.0911719
0.09125
0.0913281
0.0914063
0.0914844
0.0915625
0.0916406
0.0917188
0.0917969
0.091875
0.0919531
0.0920313
0.0921094
0.0921875
0.0922656
0.0923438
0.0924219
0.0925
0.0925781
0.0926563
0.0927344
0.0928125
0.0928906
0.0929688
0.0930469
0.093125
0.0932031
0.0932813
0.0933594
0.0934375
0.0935156
0.0935938
0.0936719
0.09375
0.0938281
0.0939063
0.0939844
0.0940625
0.0941406
0.0942188
0.0942969
0.094375
0.0944531
0.0945313
0.0946094
0.0946875
0.0947656
0.0948438
0.0949219
0.095
0.0950781
0.0951563
0.0952344
0.0953125
0.0953906
0.0954688
0.0955469
0.095625
0.0957031
0.0957813
0.0958594
0.0959375
0.0960156
0.0960938
0.0961719
0.09625
0.0963281
0.0964063
0.0964844
0.0965625
0.0966406
0.0967188
0.0967969
0.096875
0.0969531
0.0970313
0.0971094
0.0971875
0.0972656
0.0973438
0.0974219
0.0975
0.0975781
0.0976563
0.0977344
0.0978125
0.0978906
0.0979688
0.0980469
0.098125
0.0982031
0.0982813
0.0983594
0.0984375
0.0985156
0.0985938
0.0986719
0.09875
0.0988281
0.0989063
0.0989844
0.0990625
0.0991406
0.0992188
0.0992969
0.099375
0.0994531
0.0995313
0.0996094
0.0996875
0.0997656
0.0998438
0.0999219
0.1
0.100078
0.100156
0.100234
0.100313
0.100391
0.100469
0.100547
0.100625
0.100703
0.100781
0.100859
0.100938
0.101016
0.101094
0.101172
0.10125
0.101328
0.101406
0.101484
0.101563
0.101641
0.101719
0.101797
0.101875
0.101953
0.102031
0.102109
0.102188
0.102266
0.102344
0.102422
0.1025
0.102578
0.102656
0.102734
0.102813
0.102891
0.102969
0.103047
0.103125
0.103203
0.103281
0.103359
0.103438
0.103516
0.103594
0.103672
0.10375
0.103828
0.103906
0.103984
0.104063
0.104141
0.104219
0.104297
0.104375
0.104453
0.104531
0.104609
0.104688
0.104766
0.104844
0.104922
0.105
0.105078
0.105156
0.105234
0.105313
0.105391
0.105469
0.105547
0.105625
0.105703
0.105781
0.105859
0.105938
0.106016
0.106094
0.106172
0.10625
0.106328
0.106406
0.106484
0.106563
0.106641
0.106719
0.106797
0.106875
0.106953
0.107031
0.107109
0.107188
0.107266
0.107344
0.107422
0.1075
0.107578
0.107656
0.107734
0.107813
0.107891
0.107969
0.108047
0.108125
0.108203
0.108281
0.108359
0.108438
0.108516
0.108594
0.108672
0.10875
0.108828
0.108906
0.108984
0.109063
0.109141
0.109219
0.109297
0.109375
0.109453
0.109531
0.109609
0.109688
0.109766
0.109844
0.109922
0.11
0.110078
0.110156
0.110234
0.110313
0.110391
0.110469
0.110547
0.110625
0.110703
0.110781
0.110859
0.110938
0.111016
0.111094
0.111172
0.11125
0.111328
0.111406
0.111484
0.111563
0.111641
0.111719
0.111797
0.111875
0.111953
0.112031
0.112109
0.112188
0.112266
0.112344
0.112422
0.1125
0.112578
0.112656
0.112734
0.112813
0.112891
0.112969
0.113047
0.113125
0.113203
0.113281
0.113359
0.113438
0.113516
0.113594
0.113672
0.11375
0.113828
0.113906
0.113984
0.114063
0.114141
0.114219
0.114297
0.114375
0.114453
0.114531
0.114609
0.114688
0.114766
0.114844
0.114922
0.115
0.115078
0.115156
0.115234
0.115313
0.115391
0.115469
0.115547
0.115625
0.115703
0.115781
0.115859
0.115938
0.116016
0.116094
0.116172
0.11625
0.116328
0.116406
0.116484
0.116563
0.116641
0.116719
0.116797
0.116875
0.116953
0.117031
0.117109
0.117188
0.117266
0.117344
0.117422
0.1175
0.117578
0.117656
0.117734
0.117813
0.117891
0.117969
0.118047
0.118125
0.118203
0.118281
0.118359
0.118438
0.118516
0.118594
0.118672
0.11875
0.118828
0.118906
0.118984
0.119063
0.119141
0.119219
0.119297
0.119375
0.119453
0.119531
0.119609
0.119688
0.119766
0.119844
0.119922
0.12
0.120078
0.120156
0.120234
0.120313
0.120391
0.120469
0.120547
0.120625
0.120703
0.120781
0.120859
0.120938
0.121016
0.121094
0.121172
0.12125
0.121328
0.121406
0.121484
0.121563
0.121641
0.121719
0.121797
0.121875
0.121953
0.122031
0.122109
0.122188
0.122266
0.122344
0.122422
0.1225
0.122578
0.122656
0.122734
0.122813
0.122891
0.122969
0.123047
0.123125
0.123203
0.123281
0.123359
0.123438
0.123516
0.123594
0.123672
0.12375
0.123828
0.123906
0.123984
0.124063
0.124141
0.124219
0.124297
0.124375
0.124453
0.124531
0.124609
0.124688
0.124766
0.124844
0.124922
0.125
0.125078
0.125156
0.125234
0.125313
0.125391
0.125469
0.125547
0.125625
0.125703
0.125781
0.125859
0.125938
0.126016
0.126094
0.126172
0.12625
0.126328
0.126406
0.126484
0.126563
0.126641
0.126719
0.126797
0.126875
0.126953
0.127031
0.127109
0.127188
0.127266
0.127344
0.127422
0.1275
0.127578
0.127656
0.127734
0.127813
0.127891
0.127969
0.128047
0.128125
0.128203
0.128281
0.128359
0.128438
0.128516
0.128594
0.128672
0.12875
0.128828
0.128906
0.128984
0.129063
0.129141
0.129219
0.129297
0.129375
0.129453
0.129531
0.129609
0.129688
0.129766
0.129844
0.129922
0.13
0.130078
0.130156
0.130234
0.130313
0.130391
0.130469
0.130547
0.130625
0.130703
0.130781
0.130859
0.130938
0.131016
0.131094
0.131172
0.13125
0.131328
0.131406
0.131484
0.131563
0.131641
0.131719
0.131797
0.131875
0.131953
0.132031
0.132109
0.132188
0.132266
0.132344
0.132422
0.1325
0.132578
0.132656
0.132734
0.132813
0.132891
0.132969
0.133047
0.133125
0.133203
0.133281
0.133359
0.133438
0.133516
0.133594
0.133672
0.13375
0.133828
0.133906
0.133984
0.134063
0.134141
0.134219
0.134297
0.134375
0.134453
0.134531
0.134609
0.134688
0.134766
0.134844
0.134922
0.135
0.135078
0.135156
0.135234
0.135313
0.135391
0.135469
0.135547
0.135625
0.135703
0.135781
0.135859
0.135938
0.136016
0.136094
0.136172
0.13625
0.136328
0.136406
0.136484
0.136563
0.136641
0.136719
0.136797
0.136875
0.136953
0.137031
0.137109
0.137188
0.137266
0.137344
0.137422
0.1375
0.137578
0.137656
0.137734
0.137813
0.137891
0.137969
0.138047
0.138125
0.138203
0.138281
0.138359
0.138438
0.138516
0.138594
0.138672
0.13875
0.138828
0.138906
0.138984
0.139063
0.139141
0.139219
0.139297
0.139375
0.139453
0.139531
0.139609
0.139688
0.139766
0.139844
0.139922
0.14
0.140078
0.140156
0.140234
0.140313
0.140391
0.140469
0.140547
0.140625
0.140703
0.140781
0.140859
0.140938
0.141016
0.141094
0.141172
0.14125
0.141328
0.141406
0.141484
0.141563
0.141641
0.141719
0.141797
0.141875
0.141953
0.142031
0.142109
0.142188
0.142266
0.142344
0.142422
0.1425
0.142578
0.142656
0.142734
0.142813
0.142891
0.142969
0.143047
0.143125
0.143203
0.143281
0.143359
0.143438
0.143516
0.143594
0.143672
0.14375
0.143828
0.143906
0.143984
0.144063
0.144141
0.144219
0.144297
0.144375
0.144453
0.144531
0.144609
0.144688
0.144766
0.144844
0.144922
0.145
0.145078
0.145156
0.145234
0.145313
0.145391
0.145469
0.145547
0.145625
0.145703
0.145781
0.145859
0.145938
0.146016
0.146094
0.146172
0.14625
0.146328
0.146406
0.146484
0.146563
0.146641
0.146719
0.146797
0.146875
0.146953
0.147031
0.147109
0.147188
0.147266
0.147344
0.147422
0.1475
0.147578
0.147656
0.147734
0.147813
0.147891
0.147969
0.148047
0.148125
0.148203
0.148281
0.148359
0.148438
0.148516
0.148594
0.148672
0.14875
0.148828
0.148906
0.148984
0.149063
0.149141
0.149219
0.149297
0.149375
0.149453
0.149531
0.149609
0.149688
0.149766
0.149844
0.149922
0.15
0.150078
0.150156
0.150234
0.150313
0.150391
0.150469
0.150547
0.150625
0.150703
0.150781
0.150859
0.150938
0.151016
0.151094
0.151172
0.15125
0.151328
0.151406
0.151484
0.151563
0.151641
0.151719
0.151797
0.151875
0.151953
0.152031
0.152109
0.152188
0.152266
0.152344
0.152422
0.1525
0.152578
0.152656
0.152734
0.152813
0.152891
0.152969
0.153047
0.153125
0.153203
0.153281
0.153359
0.153438
0.153516
0.153594
0.153672
0.15375
0.153828
0.153906
0.153984
0.154063
0.154141
0.154219
0.154297
0.154375
0.154453
0.154531
0.154609
0.154688
0.154766
0.154844
0.154922
0.155
0.155078
0.155156
0.155234
0.155313
0.155391
0.155469
0.155547
0.155625
0.155703
0.155781
0.155859
0.155938
0.156016
0.156094
0.156172
0.15625
0.156328
0.156406
0.156484
0.156563
0.156641
0.156719
0.156797
0.156875
0.156953
0.157031
0.157109
0.157188
0.157266
0.157344
0.157422
0.1575
0.157578
0.157656
0.157734
0.157813
0.157891
0.157969
0.158047
0.158125
0.158203
0.158281
0.158359
0.158438
0.158516
0.158594
0.158672
0.15875
0.158828
0.158906
0.158984
0.159063
0.159141
0.159219
0.159297
0.159375
0.159453
0.159531
0.159609
0.159688
0.159766
0.159844
0.159922
0.16
0.160078
0.160156
0.160234
0.160313
0.160391
0.160469
0.160547
0.160625
0.160703
0.160781
0.160859
0.160938
0.161016
0.161094
0.161172
0.16125
0.161328
0.161406
0.161484
0.161563
0.161641
0.161719
0.161797
0.161875
0.161953
0.162031
0.162109
0.162188
0.162266
0.162344
0.162422
0.1625
0.162578
0.162656
0.162734
0.162813
0.162891
0.162969
0.163047
0.163125
0.163203
0.163281
0.163359
0.163438
0.163516
0.163594
0.163672
0.16375
0.163828
0.163906
0.163984
0.164063
0.164141
0.164219
0.164297
0.164375
0.164453
0.164531
0.164609
0.164688
0.164766
0.164844
0.164922
0.165
0.165078
0.165156
0.165234
0.165313
0.165391
0.165469
0.165547
0.165625
0.165703
0.165781
0.165859
0.165938
0.166016
0.166094
0.166172
0.16625
0.166328
0.166406
0.166484
0.166563
0.166641
0.166719
0.166797
0.166875
0.166953
0.167031
0.167109
0.167188
0.167266
0.167344
0.167422
0.1675
0.167578
0.167656
0.167734
0.167813
0.167891
0.167969
0.168047
0.168125
0.168203
0.168281
0.168359
0.168438
0.168516
0.168594
0.168672
0.16875
0.168828
0.168906
0.168984
0.169063
0.169141
0.169219
0.169297
0.169375
0.169453
0.169531
0.169609
0.169688
0.169766
0.169844
0.169922
0.17
0.170078
0.170156
0.170234
0.170313
0.170391
0.170469
0.170547
0.170625
0.170703
0.170781
0.170859
0.170938
0.171016
0.171094
0.171172
0.17125
0.171328
0.171406
0.171484
0.171563
0.171641
0.171719
0.171797
0.171875
0.171953
0.172031
0.172109
0.172188
0.172266
0.172344
0.172422
0.1725
0.172578
0.172656
0.172734
0.172813
0.172891
0.172969
0.173047
0.173125
0.173203
0.173281
0.173359
0.173438
0.173516
0.173594
0.173672
0.17375
0.173828
0.173906
0.173984
0.174063
0.174141
0.174219
0.174297
0.174375
0.174453
0.174531
0.174609
0.174688
0.174766
0.174844
0.174922
0.175
0.175078
0.175156
0.175234
0.175313
0.175391
0.175469
0.175547
0.175625
0.175703
0.175781
0.175859
0.175938
0.176016
0.176094
0.176172
0.17625
0.176328
0.176406
0.176484
0.176563
0.176641
0.176719
0.176797
0.176875
0.176953
0.177031
0.177109
0.177188
0.177266
0.177344
0.177422
0.1775
0.177578
0.177656
0.177734
0.177813
0.177891
0.177969
0.178047
0.178125
0.178203
0.178281
0.178359
0.178438
0.178516
0.178594
0.178672
0.17875
0.178828
0.178906
0.178984
0.179063
0.179141
0.179219
0.179297
0.179375
0.179453
0.179531
0.179609
0.179688
0.179766
0.179844
0.179922
0.18
0.180078
0.180156
0.180234
0.180313
0.180391
0.180469
0.180547
0.180625
0.180703
0.180781
0.180859
0.180938
0.181016
0.181094
0.181172
0.18125
0.181328
0.181406
0.181484
0.181563
0.181641
0.181719
0.181797
0.181875
0.181953
0.182031
0.182109
0.182188
0.182266
0.182344
0.182422
0.1825
0.182578
0.182656
0.182734
0.182813
0.182891
0.182969
0.183047
0.183125
0.183203
0.183281
0.183359
0.183438
0.183516
0.183594
0.183672
0.18375
0.183828
0.183906
0.183984
0.184063
0.184141
0.184219
0.184297
0.184375
0.184453
0.184531
0.184609
0.184688
0.184766
0.184844
0.184922
0.185
0.185078
0.185156
0.185234
0.185313
0.185391
0.185469
0.185547
0.185625
0.185703
0.185781
0.185859
0.185938
0.186016
0.186094
0.186172
0.18625
0.186328
0.186406
0.186484
0.186563
0.186641
0.186719
0.186797
0.186875
0.186953
0.187031
0.187109
0.187188
0.187266
0.187344
0.187422
0.1875
0.187578
0.187656
0.187734
0.187813
0.187891
0.187969
0.188047
0.188125
0.188203
0.188281
0.188359
0.188438
0.188516
0.188594
0.188672
0.18875
0.188828
0.188906
0.188984
0.189063
0.189141
0.189219
0.189297
0.189375
0.189453
0.189531
0.189609
0.189688
0.189766
0.189844
0.189922
0.19
0.190078
0.190156
0.190234
0.190313
0.190391
0.190469
0.190547
0.190625
0.190703
0.190781
0.190859
0.190938
0.191016
0.191094
0.191172
0.19125
0.191328
0.191406
0.191484
0.191563
0.191641
0.191719
0.191797
0.191875
0.191953
0.192031
0.192109
0.192188
0.192266
0.192344
0.192422
0.1925
0.192578
0.192656
0.192734
0.192813
0.192891
0.192969
0.193047
0.193125
0.193203
0.193281
0.193359
0.193438
0.193516
0.193594
0.193672
0.19375
0.193828
0.193906
0.193984
0.194063
0.194141
0.194219
0.194297
0.194375
0.194453
0.194531
0.194609
0.194688
0.194766
0.194844
0.194922
0.195
0.195078
0.195156
0.195234
0.195313
0.195391
0.195469
0.195547
0.195625
0.195703
0.195781
0.195859
0.195938
0.196016
0.196094
0.196172
0.19625
0.196328
0.196406
0.196484
0.196563
0.196641
0.196719
0.196797
0.196875
0.196953
0.197031
0.197109
0.197188
0.197266
0.197344
0.197422
0.1975
0.197578
0.197656
0.197734
0.197813
0.197891
0.197969
0.198047
0.198125
0.198203
0.198281
0.198359
0.198438
0.198516
0.198594
0.198672
0.19875
0.198828
0.198906
0.198984
0.199063
0.199141
0.199219
0.199297
0.199375
0.199453
0.199531
0.199609
0.199688
0.199766
0.199844
0.199922
0.2
0.200078
0.200156
0.200234
0.200313
0.200391
0.200469
0.200547
0.200625
0.200703
0.200781
0.200859
0.200938
0.201016
0.201094
0.201172
0.20125
0.201328
0.201406
0.201484
0.201563
0.201641
0.201719
0.201797
0.201875
0.201953
0.202031
0.202109
0.202188
0.202266
0.202344
0.202422
0.2025
0.202578
0.202656
0.202734
0.202813
0.202891
0.202969
0.203047
0.203125
0.203203
0.203281
0.203359
0.203438
0.203516
0.203594
0.203672
0.20375
0.203828
0.203906
0.203984
0.204063
0.204141
0.204219
0.204297
0.204375
0.204453
0.204531
0.204609
0.204688
0.204766
0.204844
0.204922
0.205
0.205078
0.205156
0.205234
0.205313
0.205391
0.205469
0.205547
0.205625
0.205703
0.205781
0.205859
0.205938
0.206016
0.206094
0.206172
0.20625
0.206328
0.206406
0.206484
0.206563
0.206641
0.206719
0.206797
0.206875
0.206953
0.207031
0.207109
0.207188
0.207266
0.207344
0.207422
0.2075
0.207578
0.207656
0.207734
0.207813
0.207891
0.207969
0.208047
0.208125
0.208203
0.208281
0.208359
0.208438
0.208516
0.208594
0.208672
0.20875
0.208828
0.208906
0.208984
0.209063
0.209141
0.209219
0.209297
0.209375
0.209453
0.209531
0.209609
0.209688
0.209766
0.209844
0.209922
0.21
0.210078
0.210156
0.210234
0.210313
0.210391
0.210469
0.210547
0.210625
0.210703
0.210781
0.210859
0.210938
0.211016
0.211094
0.211172
0.21125
0.211328
0.211406
0.211484
0.211563
0.211641
0.211719
0.211797
0.211875
0.211953
0.212031
0.212109
0.212188
0.212266
0.212344
0.212422
0.2125
0.212578
0.212656
0.212734
0.212813
0.212891
0.212969
0.213047
0.213125
0.213203
0.213281
0.213359
0.213438
0.213516
0.213594
0.213672
0.21375
0.213828
0.213906
0.213984
0.214063
0.214141
0.214219
0.214297
0.214375
0.214453
0.214531
0.214609
0.214688
0.214766
0.214844
0.214922
0.215
0.215078
0.215156
0.215234
0.215313
0.215391
0.215469
0.215547
0.215625
0.215703
0.215781
0.215859
0.215938
0.216016
0.216094
0.216172
0.21625
0.216328
0.216406
0.216484
0.216563
0.216641
0.216719
0.216797
0.216875
0.216953
0.217031
0.217109
0.217188
0.217266
0.217344
0.217422
0.2175
0.217578
0.217656
0.217734
0.217813
0.217891
0.217969
0.218047
0.218125
0.218203
0.218281
0.218359
0.218438
0.218516
0.218594
0.218672
0.21875
0.218828
0.218906
0.218984
0.219063
0.219141
0.219219
0.219297
0.219375
0.219453
0.219531
0.219609
0.219688
0.219766
0.219844
0.219922
0.22
0.220078
0.220156
0.220234
0.220313
0.220391
0.220469
0.220547
0.220625
0.220703
0.220781
0.220859
0.220938
0.221016
0.221094
0.221172
0.22125
0.221328
0.221406
0.221484
0.221563
0.221641
0.221719
0.221797
0.221875
0.221953
0.222031
0.222109
0.222188
0.222266
0.222344
0.222422
0.2225
0.222578
0.222656
0.222734
0.222813
0.222891
0.222969
0.223047
0.223125
0.223203
0.223281
0.223359
0.223438
0.223516
0.223594
0.223672
0.22375
0.223828
0.223906
0.223984
0.224063
0.224141
0.224219
0.224297
0.224375
0.224453
0.224531
0.224609
0.224688
0.224766
0.224844
0.224922
0.225
0.225078
0.225156
0.225234
0.225313
0.225391
0.225469
0.225547
0.225625
0.225703
0.225781
0.225859
0.225938
0.226016
0.226094
0.226172
0.22625
0.226328
0.226406
0.226484
0.226563
0.226641
0.226719
0.226797
0.226875
0.226953
0.227031
0.227109
0.227188
0.227266
0.227344
0.227422
0.2275
0.227578
0.227656
0.227734
0.227813
0.227891
0.227969
0.228047
0.228125
0.228203
0.228281
0.228359
0.228438
0.228516
0.228594
0.228672
0.22875
0.228828
0.228906
0.228984
0.229063
0.229141
0.229219
0.229297
0.229375
0.229453
0.229531
0.229609
0.229688
0.229766
0.229844
0.229922
0.23
0.230078
0.230156
0.230234
0.230313
0.230391
0.230469
0.230547
0.230625
0.230703
0.230781
0.230859
0.230938
0.231016
0.231094
0.231172
0.23125
0.231328
0.231406
0.231484
0.231563
0.231641
0.231719
0.231797
0.231875
0.231953
0.232031
0.232109
0.232188
0.232266
0.232344
0.232422
0.2325
0.232578
0.232656
0.232734
0.232813
0.232891
0.232969
0.233047
0.233125
0.233203
0.233281
0.233359
0.233438
0.233516
0.233594
0.233672
0.23375
0.233828
0.233906
0.233984
0.234063
0.234141
0.234219
0.234297
0.234375
0.234453
0.234531
0.234609
0.234688
0.234766
0.234844
0.234922
0.235
0.235078
0.235156
0.235234
0.235313
0.235391
0.235469
0.235547
0.235625
0.235703
0.235781
0.235859
0.235938
0.236016
0.236094
0.236172
0.23625
0.236328
0.236406
0.236484
0.236563
0.236641
0.236719
0.236797
0.236875
0.236953
0.237031
0.237109
0.237188
0.237266
0.237344
0.237422
0.2375
0.237578
0.237656
0.237734
0.237813
0.237891
0.237969
0.238047
0.238125
0.238203
0.238281
0.238359
0.238438
0.238516
0.238594
0.238672
0.23875
0.238828
0.238906
0.238984
0.239063
0.239141
0.239219
0.239297
0.239375
0.239453
0.239531
0.239609
0.239688
0.239766
0.239844
0.239922
0.24
0.240078
0.240156
0.240234
0.240313
0.240391
0.240469
0.240547
0.240625
0.240703
0.240781
0.240859
0.240938
0.241016
0.241094
0.241172
0.24125
0.241328
0.241406
0.241484
0.241563
0.241641
0.241719
0.241797
0.241875
0.241953
0.242031
0.242109
0.242188
0.242266
0.242344
0.242422
0.2425
0.242578
0.242656
0.242734
0.242813
0.242891
0.242969
0.243047
0.243125
0.243203
0.243281
0.243359
0.243438
0.243516
0.243594
0.243672
0.24375
0.243828
0.243906
0.243984
0.244063
0.244141
0.244219
0.244297
0.244375
0.244453
0.244531
0.244609
0.244688
0.244766
0.244844
0.244922
0.245
0.245078
0.245156
0.245234
0.245313
0.245391
0.245469
0.245547
0.245625
0.245703
0.245781
0.245859
0.245938
0.246016
0.246094
0.246172
0.24625
0.246328
0.246406
0.246484
0.246563
0.246641
0.246719
0.246797
0.246875
0.246953
0.247031
0.247109
0.247188
0.247266
0.247344
0.247422
0.2475
0.247578
0.247656
0.247734
0.247813
0.247891
0.247969
0.248047
0.248125
0.248203
0.248281
0.248359
0.248438
0.248516
0.248594
0.248672
0.24875
0.248828
0.248906
0.248984
0.249063
0.249141
0.249219
0.249297
0.249375
0.249453
0.249531
0.249609
0.249688
0.249766
0.249844
0.249922
0.25
0.250078
0.250156
0.250234
0.250313
0.250391
0.250469
0.250547
0.250625
0.250703
0.250781
0.250859
0.250938
0.251016
0.251094
0.251172
0.25125
0.251328
0.251406
0.251484
0.251563
0.251641
0.251719
0.251797
0.251875
0.251953
0.252031
0.252109
0.252188
0.252266
0.252344
0.252422
0.2525
0.252578
0.252656
0.252734
0.252813
0.252891
0.252969
0.253047
0.253125
0.253203
0.253281
0.253359
0.253438
0.253516
0.253594
0.253672
0.25375
0.253828
0.253906
0.253984
0.254063
0.254141
0.254219
0.254297
0.254375
0.254453
0.254531
0.254609
0.254688
0.254766
0.254844
0.254922
0.255
0.255078
0.255156
0.255234
0.255313
0.255391
0.255469
0.255547
0.255625
0.255703
0.255781
0.255859
0.255938
0.256016
0.256094
0.256172
0.25625
0.256328
0.256406
0.256484
0.256563
0.256641
0.256719
0.256797
0.256875
0.256953
0.257031
0.257109
0.257188
0.257266
0.257344
0.257422
0.2575
0.257578
0.257656
0.257734
0.257813
0.257891
0.257969
0.258047
0.258125
0.258203
0.258281
0.258359
0.258438
0.258516
0.258594
0.258672
0.25875
0.258828
0.258906
0.258984
0.259063
0.259141
0.259219
0.259297
0.259375
0.259453
0.259531
0.259609
0.259688
0.259766
0.259844
0.259922
0.26
0.260078
0.260156
0.260234
0.260313
0.260391
0.260469
0.260547
0.260625
0.260703
0.260781
0.260859
0.260938
0.261016
0.261094
0.261172
0.26125
0.261328
0.261406
0.261484
0.261563
0.261641
0.261719
0.261797
0.261875
0.261953
0.262031
0.262109
0.262188
0.262266
0.262344
0.262422
0.2625
0.262578
0.262656
0.262734
0.262813
0.262891
0.262969
0.263047
0.263125
0.263203
0.263281
0.263359
0.263438
0.263516
0.263594
0.263672
0.26375
0.263828
0.263906
0.263984
0.264063
0.264141
0.264219
0.264297
0.264375
0.264453
0.264531
0.264609
0.264688
0.264766
0.264844
0.264922
0.265
0.265078
0.265156
0.265234
0.265313
0.265391
0.265469
0.265547
0.265625
0.265703
0.265781
0.265859
0.265938
0.266016
0.266094
0.266172
0.26625
0.266328
0.266406
0.266484
0.266563
0.266641
0.266719
0.266797
0.266875
0.266953
0.267031
0.267109
0.267188
0.267266
0.267344
0.267422
0.2675
0.267578
0.267656
0.267734
0.267813
0.267891
0.267969
0.268047
0.268125
0.268203
0.268281
0.268359
0.268438
0.268516
0.268594
0.268672
0.26875
0.268828
0.268906
0.268984
0.269063
0.269141
0.269219
0.269297
0.269375
0.269453
0.269531
0.269609
0.269688
0.269766
0.269844
0.269922
0.27
0.270078
0.270156
0.270234
0.270313
0.270391
0.270469
0.270547
0.270625
0.270703
0.270781
0.270859
0.270938
0.271016
0.271094
0.271172
0.27125
0.271328
0.271406
0.271484
0.271563
0.271641
0.271719
0.271797
0.271875
0.271953
0.272031
0.272109
0.272188
0.272266
0.272344
0.272422
0.2725
0.272578
0.272656
0.272734
0.272813
0.272891
0.272969
0.273047
0.273125
0.273203
0.273281
0.273359
0.273438
0.273516
0.273594
0.273672
0.27375
0.273828
0.273906
0.273984
0.274063
0.274141
0.274219
0.274297
0.274375
0.274453
0.274531
0.274609
0.274688
0.274766
0.274844
0.274922
0.275
0.275078
0.275156
0.275234
0.275313
0.275391
0.275469
0.275547
0.275625
0.275703
0.275781
0.275859
0.275938
0.276016
0.276094
0.276172
0.27625
0.276328
0.276406
0.276484
0.276563
0.276641
0.276719
0.276797
0.276875
0.276953
0.277031
0.277109
0.277188
0.277266
0.277344
0.277422
0.2775
0.277578
0.277656
0.277734
0.277813
0.277891
0.277969
0.278047
0.278125
0.278203
0.278281
0.278359
0.278438
0.278516
0.278594
0.278672
0.27875
0.278828
0.278906
0.278984
0.279063
0.279141
0.279219
0.279297
0.279375
0.279453
0.279531
0.279609
0.279688
0.279766
0.279844
0.279922
0.28
0.280078
0.280156
0.280234
0.280313
0.280391
0.280469
0.280547
0.280625
0.280703
0.280781
0.280859
0.280938
0.281016
0.281094
0.281172
